0, 10.2857, 20.5714, 30.8571, 41.1429, 51.4286, 61.7143, 72, 82.2857, 92.5714, 102.857, 113.143, 123.429, 133.714, 144, 154.286, 164.571, 174.857, 185.143, 195.429, 205.714, 216, 226.286, 236.571, 246.857, 257.143, 267.429, 277.714, 288, 298.286, 308.571, 318.857, 329.143, 339.429, 349.714, 360
1000.000000000000, -0.002815020092631371, -0.002989844320038080, -0.003396144236670555, -0.003408365537546955, -0.003435633607600273, -0.003172204619282280, -0.003291555090687913, -0.002827823843458136, -0.002365637537841631, -0.002146743221207570, -0.001478610589954032, -0.001455707854747281, -0.0008976878525774973, -0.0007641772104517920, -0.0005152462601481061, -0.0004562199584854027, -0.0004731879777787157, -0.0005349715823796408, -0.0005136430627824649, -0.0005593843927424329, -0.0006058161390315941, -0.0005564077671876035, -0.0006395755623294321, -0.0005841868751994785, -0.0006257896017383484, -0.0008224055320921152, -0.0008255056184460685, -0.001056016914847805, -0.001177523002505764, -0.001488842100258016, -0.001516747570792864, -0.001790958859289852, -0.002044623198719117, -0.002200987964012187, -0.002551689670279707, -0.002815020092631371
967.0329670329672, -0.002783980009724572, -0.002996418084615885, -0.003408579333468102, -0.003467336762512481, -0.003522887474039301, -0.003310497546300141, -0.003447572397271028, -0.002971872212536209, -0.002539214531006883, -0.002330710216304216, -0.001657261142403055, -0.001690770878068450, -0.001124488248240456, -0.0009889943094362817, -0.0007020065776690026, -0.0006168512614369301, -0.0006168584480026473, -0.0006558653667792574, -0.0005845829316155671, -0.0006074833585182703, -0.0006299927166607579, -0.0005906038351850645, -0.0006571524998660274, -0.0006018213225852381, -0.0006244570061103969, -0.0008308169544412497, -0.0008430798848369516, -0.001065021898633128, -0.001185413455269570, -0.001488439157770199, -0.001485891367401864, -0.001766645580623033, -0.001998075861184492, -0.002153858062481228, -0.002511357789147064, -0.002783980009724572
936.1702127659576, -0.002752660523103592, -0.002990688124052113, -0.003404502177852991, -0.003508076269309237, -0.003587562595040865, -0.003433315629309584, -0.003595261978424267, -0.003118359746127072, -0.002729200973599836, -0.002536524255537178, -0.001867846624131923, -0.001966719444516761, -0.001396056259027367, -0.001260600910645813, -0.0009349946190774537, -0.0008230862457877595, -0.0008069333834426725, -0.0008210791915544725, -0.0007001312714132893, -0.0007014223491542079, -0.0006991720263287238, -0.0006697290251674326, -0.0007211031105317804, -0.0006698539720289912, -0.0006731693912007920, -0.0008875926801409696, -0.0009123904268454878, -0.001123094678594161, -0.001243101894533829, -0.001529332176834876, -0.001495924916645512, -0.001774240921406328, -0.001973378909867189, -0.002126843270145948, -0.002476362179214475, -0.002752660523103592
907.2164948453610, -0.002736191382847918, -0.002995216163793668, -0.003412039864866133, -0.003560613638568321, -0.003660542886176645, -0.003571914788092827, -0.003763966160482063, -0.003288560820053409, -0.002945847282069976, -0.002772620174516741, -0.002101862874616690, -0.002267453171029537, -0.001689003359783331, -0.001551172535634567, -0.001184679279039964, -0.001046108679431555, -0.001015165995765744, -0.001005445927052704, -0.0008399510304919217, -0.0008247847715069415, -0.0007998141576528104, -0.0007780543466427057, -0.0008175501359278101, -0.0007723335353557477, -0.0007585553455045889, -0.0009781263379727238, -0.001019177905698867, -0.001218320028205734, -0.001339776607359995, -0.001605082489834917, -0.001543388904674977, -0.001813036296301384, -0.001974056184558123, -0.002126639244816097, -0.002460141974536345, -0.002736191382847918
880.0000000000002, -0.002733213816796844, -0.003014997428915763, -0.003439028644598620, -0.003634065189870111, -0.003752944767932634, -0.003737245662158133, -0.003960443249235842, -0.003483236128553888, -0.003178680316771884, -0.003028669258075886, -0.002337267520169987, -0.002566691550104376, -0.001973335591215940, -0.001828440985359660, -0.001422215192608624, -0.001260631194176399, -0.001214132656034110, -0.001184613486956079, -0.0009823555338382816, -0.0009590987850025720, -0.0009146515876202161, -0.0008984059157629143, -0.0009307990360676680, -0.0008925342976848415, -0.0008637757843396722, -0.001088289375237286, -0.001149308185506958, -0.001337867148543521, -0.001462945914174709, -0.001705151929841551, -0.001617110777923409, -0.001871734696638266, -0.001992652934138929, -0.002146841990497330, -0.002460491304733451, -0.002733213816796844
854.3689320388352, -0.002736347921715306, -0.003044750128940165, -0.003479750202281954, -0.003723780139848933, -0.003861035379648294, -0.003922617582245248, -0.004174284216324886, -0.003686218140175904, -0.003403785673395930, -0.003280276468632335, -0.002549502476577391, -0.002838644249387523, -0.002222625356383538, -0.002066923407435379, -0.001628185802796471, -0.001451298268089214, -0.001386049917961803, -0.001343947737901869, -0.001112335388110475, -0.001091029918962935, -0.001030232155571697, -0.001019690121501973, -0.001051313632147121, -0.001021038160462993, -0.0009800024940759338, -0.001215230497121015, -0.001299893570103837, -0.001478819977458763, -0.001609894086689017, -0.001825841477647465, -0.001709633871871291, -0.001942607926482815, -0.002021278702701715, -0.002179484455758421, -0.002470248176116136, -0.002736347921715306
830.1886792452832, -0.002735726673951556, -0.003072624759806246, -0.003517909317003687, -0.003814814767482653, -0.003968678689069811, -0.004106760782086779, -0.004385668094981750, -0.003876124281959803, -0.003600122197626362, -0.003504568356383832, -0.002726741529786358, -0.003073894113953806, -0.002428885379040444, -0.002261823575847364, -0.001803660696451133, -0.001621691209463848, -0.001534037965318221, -0.001488298881313597, -0.001231276061437923, -0.001221556602573087, -0.001146436704749450, -0.001144922615491597, -0.001183134720273544, -0.001163416350468615, -0.001113306936645886, -0.001370307387931482, -0.001482706093407238, -0.001650850659079429, -0.001790817188914768, -0.001973155526398300, -0.001821475861213503, -0.002025769228948703, -0.002055462554115008, -0.002218749513931050, -0.002481348418490409, -0.002735726673951556
807.3394495412846, -0.002729078758818295, -0.003093385032006773, -0.003543435727078242, -0.003898025730140875, -0.004064271963633289, -0.004274045048244133, -0.004584671055968784, -0.004044637267781595, -0.003768104824022794, -0.003699561843943495, -0.002882823423011911, -0.003289818106121448, -0.002611805117886008, -0.002435215139334569, -0.001972400409202031, -0.001794327880276435, -0.001682595157819621, -0.001641675156189215, -0.001357999679277313, -0.001367986592534076, -0.001279519838787652, -0.001291463022425583, -0.001344368652740534, -0.001338366623492893, -0.001284312335389410, -0.001574038995833552, -0.001719062014344537, -0.001871234619989170, -0.002023673475804933, -0.002160118843130386, -0.001963255996336144, -0.002132464595567840, -0.002099660084611013, -0.002267629777942113, -0.002493345954218446, -0.002729078758818295
785.7142857142858, -0.002720547761197548, -0.003111261000994153, -0.003559068411964956, -0.003977997551481545, -0.004150823764904860, -0.004427846914087876, -0.004783999271410649, -0.004207787780664741, -0.003936511281659682, -0.003892314366142677, -0.003055070032645555, -0.003525401098117064, -0.002812808909521085, -0.002626714617483281, -0.002169674551024648, -0.001998929175493225, -0.001863672906023097, -0.001832001248221052, -0.001515360015549090, -0.001550972344079376, -0.001449109440893848, -0.001476471476050215, -0.001551664692499816, -0.001561906432425493, -0.001511844241308410, -0.001837208545167369, -0.002020157709808601, -0.002146960925265234, -0.002315732532192217, -0.002390892207435638, -0.002141826250337881, -0.002270833573166148, -0.002158396581762432, -0.002329997892873067, -0.002510182115157090, -0.002720547761197548
765.2173913043480, -0.002716834837540686, -0.003136555114125267, -0.003577483583258384, -0.004069847572502374, -0.004243721221206055, -0.004587295014396617, -0.005007759242234387, -0.004389584907979045, -0.004137782178438330, -0.004115425046603741, -0.003276046295566416, -0.003810591851475070, -0.003065177596450815, -0.002864364430508856, -0.002416083448032483, -0.002250079508421583, -0.002091909273306176, -0.002069819627514434, -0.001710704681332704, -0.001775875391994728, -0.001660224724655018, -0.001699657944442730, -0.001803139023421778, -0.001829908554674954, -0.001794380159594155, -0.002146733829306558, -0.002372217484312068, -0.002462535356230687, -0.002650969221931977, -0.002651399204778100, -0.002350302856704520, -0.002437347963966472, -0.002230649968390564, -0.002405914430892296, -0.002535857641971269, -0.002716834837540686
745.7627118644069, -0.002721165411944169, -0.003175744577387425, -0.003609180346465818, -0.004186560214989823, -0.004356655973741925, -0.004767705772416544, -0.005269996349127488, -0.004599315752719118, -0.004380448195048845, -0.004378284373810866, -0.003547644307465373, -0.004141511284339892, -0.003368606446322918, -0.003143134373776334, -0.002701372451604113, -0.002533539623123830, -0.002351567738007512, -0.002337217701129645, -0.001925855392806757, -0.002022264692740316, -0.001892748510337369, -0.001937740323274829, -0.002072250027436202, -0.002113323864326785, -0.002102702490033149, -0.002466712189457318, -0.002737065937113896, -0.002781744205657224, -0.002992640420272294, -0.002911529144242838, -0.002564807490395614, -0.002614056535332255, -0.002306366256390623, -0.002487636778306255, -0.002569416800709382, -0.002721165411944169
727.2727272727275, -0.002733767561943490, -0.003226968169418751, -0.003653045743633757, -0.004325692142755942, -0.004486335281582290, -0.004960951597054967, -0.005553864130397814, -0.004816452604914934, -0.004635492454371357, -0.004652808903745457, -0.003834737269073028, -0.004478202205658552, -0.003685762223615896, -0.003425945589445839, -0.002989940615032069, -0.002815019596838388, -0.002606710874329312, -0.002600123277224286, -0.002129554089764673, -0.002256470009692581, -0.002114244990240668, -0.002159773925580299, -0.002324413201768388, -0.002375497855516752, -0.002395843534619203, -0.002761175112398921, -0.003075643950456000, -0.003069389588243774, -0.003306058984463378, -0.003145036982848860, -0.002760619863540962, -0.002784219959709259, -0.002376991660717429, -0.002568630023311984, -0.002608240275876377, -0.002733767561943490
709.6774193548388, -0.002757041712823586, -0.003284350352636149, -0.003699781409950720, -0.004471832746347579, -0.004614393436437955, -0.005139051475019612, -0.005821213685134645, -0.005004890639953253, -0.004858087939880991, -0.004894247089700154, -0.004091934712988896, -0.004773079100109071, -0.003969981276146770, -0.003671564097271619, -0.003247362898115006, -0.003063136445103008, -0.002827207360371432, -0.002830291266962445, -0.002299411058211016, -0.002453755564889105, -0.002301756963803684, -0.002348029996269338, -0.002539283549743598, -0.002595072727297009, -0.002646993458644773, -0.003016808056119591, -0.003371801794414591, -0.003311886817622490, -0.003580328043616771, -0.003345981066342958, -0.002928803382503547, -0.002946739362787297, -0.002444970618030375, -0.002652104708567516, -0.002654615464735167, -0.002757041712823586
692.9133858267718, -0.002796273359639940, -0.003343553549614251, -0.003738180976255026, -0.004605013409862082, -0.004717679513499206, -0.005271523204992694, -0.006033560325625277, -0.005137082877560492, -0.005018130576114525, -0.005072790141955612, -0.004294303600022070, -0.005000710728929418, -0.004196553405881045, -0.003861797570549537, -0.003462481747448261, -0.003269234781029696, -0.003007631061211352, -0.003021887783958746, -0.002436691302755483, -0.002614230218513754, -0.002457369336350455, -0.002507372198708033, -0.002721635030516956, -0.002777121059579468, -0.002858996474568815, -0.003247305463651340, -0.003638299474096585, -0.003521348280904311, -0.003832079976071618, -0.003529978413489130, -0.003082260233618548, -0.003119629187971954, -0.002525136942217323, -0.002752001989900063, -0.002716850286476465, -0.002796273359639940
676.9230769230771, -0.002856053437040248, -0.003404390325974903, -0.003762400376243047, -0.004713258059580663, -0.004783080154385807, -0.005346394005480326, -0.006175259836786647, -0.005210283332817148, -0.005116780273768643, -0.005190697672856350, -0.004448995617220251, -0.005166594039394712, -0.004372615619941778, -0.004007424653512368, -0.003647365474441536, -0.003443578593940020, -0.003161531249267275, -0.003185249450244584, -0.002557121320171812, -0.002754147391968487, -0.002598746905609521, -0.002653535743418552, -0.002889075647138634, -0.002940162933655924, -0.003054146343407324, -0.003473611032402825, -0.003897245080871232, -0.003717784140410278, -0.004086594546293946, -0.003717064226970903, -0.003242480813852843, -0.003326041504416460, -0.002633414960071321, -0.002882882112152370, -0.002803837507137766, -0.002856053437040248
661.6541353383459, -0.002934982737238054, -0.003467925246445814, -0.003770883517111848, -0.004793540036740575, -0.004809454233961214, -0.005371966700774789, -0.006254852035864288, -0.005243506199044795, -0.005178122443520650, -0.005273841841126707, -0.004581040497718788, -0.005293673865132038, -0.004521677027779397, -0.004131593367179867, -0.003819060482961559, -0.003599197492291570, -0.003301723728381042, -0.003330827165083215, -0.002672198847618391, -0.002886708701453977, -0.002739867649696819, -0.002795605797635315, -0.003052576640441657, -0.003096856287632672, -0.003250454848300345, -0.003701657101693128, -0.004157088740536337, -0.003909705905258426, -0.004356463461615182, -0.003915428617468385, -0.003423317726623649, -0.003578416733233558, -0.002776026957518151, -0.003050072031954188, -0.002917976082841245, -0.002934982737238054
647.0588235294119, -0.003027268207743173, -0.003534458038821482, -0.003765243916471049, -0.004848568508758124, -0.004803536309621975, -0.005366736096018862, -0.006293373533342293, -0.005260332675647843, -0.005226400224626866, -0.005347300213996969, -0.004708670205369566, -0.005399466459651866, -0.004657059928721197, -0.004246301544303594, -0.003978816636785659, -0.003733699076660600, -0.003422474644998572, -0.003453709898924370, -0.002774867299819132, -0.003006036915553915, -0.002875109033071145, -0.002925863366660216, -0.003204216733951611, -0.003241312248670884, -0.003443889836750543, -0.003916135885195437, -0.004404210755884016, -0.004088032474192519, -0.004634067052309947, -0.004117520498410197, -0.003623306516471940, -0.003872184846675944, -0.002947533717202236, -0.003248798120094704, -0.003055318333773713, -0.003027268207743173
633.0935251798562, -0.003126808094637494, -0.003603007574980876, -0.003747663053238542, -0.004880911758570305, -0.004772590696034459, -0.005345250287593517, -0.006309835489893212, -0.005277253453205113, -0.005273480276123789, -0.005421320265988732, -0.004833167506571058, -0.005487739181530440, -0.004772823453468387, -0.004345727291632594, -0.004111783931354238, -0.003831049031562509, -0.003504319714484620, -0.003536602080188674, -0.002846208789011914, -0.003092282954184936, -0.002985083570602905, -0.003027173551678365, -0.003323582219512579, -0.003356480414464630, -0.003612071006447456, -0.004093677057666514, -0.004615074198113240, -0.004236475758002420, -0.004901799551804841, -0.004309525510804678, -0.003831495147105532, -0.004191791119271581, -0.003137490099251517, -0.003470115554978562, -0.003209395659528893, -0.003126808094637494
619.7183098591551, -0.003231424442611841, -0.003673198535036091, -0.003721864784830915, -0.004892992607702326, -0.004723352960775923, -0.005314407790650271, -0.006313996663809066, -0.005298182195852615, -0.005316991224217188, -0.005489924360141115, -0.004943229799097558, -0.005551738050948904, -0.004852304799095614, -0.004415825234583680, -0.004201415486715077, -0.003875577040377399, -0.003530556395517407, -0.003564409278381638, -0.002872042335883719, -0.003128023374783723, -0.003052505926742503, -0.003086453151113566, -0.003392249156668815, -0.003427113564002862, -0.003731777232336914, -0.004220335373064194, -0.004773984933153974, -0.004345165316623085, -0.005146798735422580, -0.004482562387854805, -0.004037451813238985, -0.004521534026817780, -0.003338226478740223, -0.003707281106024817, -0.003375857508251846, -0.003231424442611841
606.8965517241380, -0.003341637772842221, -0.003746224883390838, -0.003693344145424302, -0.004889456710364958, -0.004663545308055368, -0.005277528941089831, -0.006310093822601265, -0.005322303807859263, -0.005352905123668841, -0.005545270932518298, -0.005031398768552477, -0.005589044157002583, -0.004890006971567507, -0.004453647223002392, -0.004249163330341465, -0.003868821333740110, -0.003504112383208423, -0.003538707736393368, -0.002855429076893483, -0.003112595456862598, -0.003075978005289272, -0.003104438263939265, -0.003406108275070244, -0.003451488972377994, -0.003794944652444434, -0.004298102568576507, -0.004881496628209836, -0.004416337288047723, -0.005368156193380149, -0.004636701607039381, -0.004236771262471992, -0.004851478104058692, -0.003546662885266956, -0.003955793254667526, -0.003551837343016670, -0.003341637772842221
594.5945945945948, -0.003459357098483537, -0.003825475717045657, -0.003669642310672419, -0.004878075459226137, -0.004602168266136302, -0.005239269743853962, -0.006299459450275049, -0.005347061385876851, -0.005380058289435869, -0.005584596176306625, -0.005098912464673952, -0.005605117955008834, -0.004897653771887517, -0.004471358887152548, -0.004273628986528874, -0.003829915504801189, -0.003444140804113853, -0.003477204642156117, -0.002812501008591116, -0.003060560646790592, -0.003067413049843325, -0.003092309104412084, -0.003375351125436188, -0.003439298793917748, -0.003810707141439465, -0.004339305463972569, -0.004949686190753633, -0.004460870317754008, -0.005573328486102934, -0.004778102061074845, -0.004430946611895881, -0.005178657748186024, -0.003763259776200354, -0.004212765396193683, -0.003735841275783271, -0.003459357098483537
582.7814569536424, -0.003585890928906986, -0.003915338507906744, -0.003658159346195274, -0.004866917351267310, -0.004546068551122858, -0.005204788483465021, -0.006283402262605644, -0.005371225373447448, -0.005401260233256253, -0.005611648894838099, -0.005152565647967103, -0.005610382805860487, -0.004896667018607227, -0.004487955928449079, -0.004297811454044466, -0.003782585187732353, -0.003372466674149370, -0.003400146185201292, -0.002758552058107960, -0.002988866703266035, -0.003040021067355351, -0.003062229327155137, -0.003315887125667381, -0.003404351115741969, -0.003795165510253118, -0.004354600964334575, -0.004989662060047700, -0.004488736081528637, -0.005767598252769361, -0.004910858738603602, -0.004621530383022542, -0.005501166593869511, -0.003987218765798740, -0.004474309207289485, -0.003926489054593463, -0.003585890928906986
571.4285714285716, -0.003722380885912220, -0.004019533681868647, -0.003663721860323122, -0.004859544982039777, -0.004495824992003594, -0.005174529863343717, -0.006257749081082184, -0.005389232673827651, -0.005414552264290377, -0.005627495261797021, -0.005193773233001246, -0.005610040582444668, -0.004901565017738982, -0.004515026597133464, -0.004333716032911557, -0.003742736765680784, -0.003301091609195736, -0.003320111928168249, -0.002700400487473951, -0.002907497132113192, -0.002999817243750815, -0.003020553925662767, -0.003240016909097814, -0.003355498025488723, -0.003759821644928453, -0.004346635873626887, -0.005003943420319880, -0.004502435939129200, -0.005946524028279504, -0.005032181489244190, -0.004806307108308793, -0.005814714466677219, -0.004215414704645412, -0.004736682848467529, -0.004123488738093686, -0.003722380885912220
560.5095541401275, -0.003869864666858187, -0.004140414684403030, -0.003688529918886825, -0.004856185813320920, -0.004448008480368451, -0.005143984544395806, -0.006216472620763502, -0.005394181976334100, -0.005415085972308955, -0.005630446260166201, -0.005220344195609765, -0.005605875267923683, -0.004918581891481841, -0.004557142956072496, -0.004385141343123657, -0.003716893859112817, -0.003234883821051961, -0.003241701774141093, -0.002639511312926743, -0.002819824602866352, -0.002947311779338852, -0.002969445700010478, -0.003153703987865159, -0.003295771877719901, -0.003707221080570992, -0.004310326440462936, -0.004986414754326127, -0.004495309619553694, -0.006095752903492156, -0.005131532868165712, -0.004976857657775749, -0.006109643358193886, -0.004441472716292971, -0.004995215893201811, -0.004326833248264662, -0.003869864666858187
550.0000000000001, -0.004030697063035521, -0.004279856973873669, -0.003733888016383316, -0.004856496553616579, -0.004399583465980877, -0.005107446900784038, -0.006153301186138323, -0.005380710439831985, -0.005399012164762257, -0.005619517967634792, -0.005233062540464789, -0.005601827551253697, -0.004952884613034240, -0.004618949707837354, -0.004456046163232248, -0.003710969089524467, -0.003179547429894494, -0.003170571234570510, -0.002581122305427781, -0.002730910933755484, -0.002885787047153511, -0.002912525190341690, -0.003060773011053146, -0.003225731138779543, -0.003635671427430016, -0.004240672751884694, -0.004930984228308397, -0.004458905798066539, -0.006200828424676791, -0.005199011201455908, -0.005124908590853955, -0.006377883490441022, -0.004661807374750152, -0.005248318591346860, -0.004538062151732193, -0.004030697063035521
539.8773006134970, -0.004210535948433723, -0.004442399422157744, -0.003803764939875587, -0.004864854270557123, -0.004353274069008377, -0.005065158729154685, -0.006070626182109311, -0.005351827426213612, -0.005371348392329055, -0.005601857168580627, -0.005243067668774169, -0.005609940162860204, -0.005016565944349629, -0.004711079656433245, -0.004555915296586245, -0.003732524649207679, -0.003144327643173774, -0.003114801106768961, -0.002534316931397293, -0.002649374583251747, -0.002823242463059134, -0.002856912080212247, -0.002967027030840945, -0.003148211745120894, -0.003545532075219832, -0.004138004566228134, -0.004837634350083073, -0.004389920716167308, -0.006256390560013139, -0.005232239398507315, -0.005247467955986923, -0.006617322522890048, -0.004878486242474572, -0.005499284533812624, -0.004762137997210876, -0.004210535948433723
530.1204819277109, -0.004419210810683960, -0.004635812159769934, -0.003904362483825190, -0.004887517467710684, -0.004314443015429935, -0.005022016895400470, -0.005974558278791821, -0.005315632234242767, -0.005342453652313093, -0.005590321547509499, -0.005266662352128979, -0.005645263518812101, -0.005123853271774796, -0.004843879114449950, -0.004692139536366050, -0.003788786218255173, -0.003136209062299428, -0.003082176226019297, -0.002507400504036685, -0.002584920484144885, -0.002769661805709162, -0.002810978848427193, -0.002881277062485644, -0.003068790914648899, -0.003442231833321701, -0.004009916782581694, -0.004714668666859692, -0.004294800254680169, -0.006270463435884516, -0.005241075741247459, -0.005353046397420494, -0.006838207900613533, -0.005102903862210045, -0.005760759499592712, -0.005009627126137636, -0.004419210810683960
520.7100591715978, -0.004669422809283332, -0.004870209204340189, -0.004042779302603723, -0.004930937868829796, -0.004288483536973464, -0.004984762145219467, -0.005873687895977175, -0.005280968896110402, -0.005322395985219667, -0.005597550934283154, -0.005316628011678668, -0.005718146286985387, -0.005281510118789000, -0.005018597729650730, -0.004861858988667101, -0.003877662573159557, -0.003153123320333779, -0.003072701615745931, -0.002501135386062608, -0.002541570071829024, -0.002730179168372402, -0.002780127175902794, -0.002811459648082336, -0.002993297637690174, -0.003333426677029975, -0.003866605549644926, -0.004573353430555512, -0.004185231340690915, -0.006258284315348910, -0.005241802477869589, -0.005456986816785320, -0.007057117584236606, -0.005349981855544117, -0.006050502664895745, -0.005295532905828466, -0.004669422809283332
511.6279069767443, -0.004971129427214440, -0.005152281016111874, -0.004221493368755645, -0.004995546797433677, -0.004275257259499079, -0.004955103462660364, -0.005770454905039310, -0.005252749974536601, -0.005315930591353541, -0.005630791596770917, -0.005396853644807564, -0.005830073516026693, -0.005483967601093363, -0.005223664463604457, -0.005050076304844262, -0.003989131776349276, -0.003185328079319265, -0.003079926701366772, -0.002511017646088259, -0.002518075883193745, -0.002705174022592765, -0.002766397016512909, -0.002762153531972112, -0.002925545383777978, -0.003225548082739486, -0.003717694836541184, -0.004424155458721665, -0.004074019911626749, -0.006235902926608968, -0.005252221435217681, -0.005578162860729823, -0.007293867770571425, -0.005634805467970476, -0.006387413233026788, -0.005633941780849280, -0.004971129427214440
502.8571428571429, -0.005327735259498693, -0.005482935392151467, -0.004437426034307352, -0.005077838301420849, -0.004271875216835884, -0.004931453827602336, -0.005665582929335960, -0.005232267513964182, -0.005322789016802111, -0.005690558662941202, -0.005502748878323047, -0.005973737288019115, -0.005714542739040210, -0.005437935932900136, -0.005234948828447320, -0.004105887086668440, -0.003219844331693459, -0.003093598325726991, -0.002531167899995308, -0.002510287029651585, -0.002692028108367959, -0.002770523198464387, -0.002733607563914303, -0.002867420221659908, -0.003122182087165723, -0.003570049049025125, -0.004274057553036196, -0.003970717064516825, -0.006214727300813414, -0.005285311416256789, -0.005730598272940355, -0.007561134762537633, -0.005964955590819870, -0.006782471816272110, -0.006032899158001374, -0.005327735259498693
494.3820224719103, -0.005730911388044885, -0.005853044350587263, -0.004679074517139963, -0.005167493088026109, -0.004270995830907860, -0.004907243014448269, -0.005555341682449129, -0.005218676806029649, -0.005340038548724791, -0.005772724112759395, -0.005625136117683591, -0.006136529171007739, -0.005952069722382941, -0.005637509505390707, -0.005395573623506799, -0.004212472691818598, -0.003247670744468409, -0.003106557149724872, -0.002559829885491605, -0.002516591601080031, -0.002690193366234011, -0.002794897903376668, -0.002724100954067415, -0.002820791040328292, -0.003025746686962713, -0.003429327588648528, -0.004128416211584422, -0.003882554388731595, -0.006202067022314148, -0.005349141877869784, -0.005922520087108732, -0.007863768057270572, -0.006339351497848870, -0.007235840377693279, -0.006488643528802160, -0.005730911388044885
486.1878453038675, -0.006162046787285401, -0.006245918854057778, -0.004930265854079432, -0.005252119402186189, -0.004265335413100878, -0.004875264973187324, -0.005436728330585223, -0.005207308149294610, -0.005360404764694307, -0.005866380133901790, -0.005749654380712178, -0.006299433568959602, -0.006171845343839453, -0.005798636441692383, -0.005514610765295426, -0.004294713043333353, -0.003263682522735621, -0.003116078897398547, -0.002599003837152752, -0.002538698619573568, -0.002701395568352450, -0.002843192370511431, -0.002731060031003721, -0.002787925647450687, -0.002938730866440214, -0.003300033681591236, -0.003991568299199971, -0.003813500371793184, -0.006200690936859390, -0.005444574125695746, -0.006151029883757702, -0.008192027247854739, -0.006743402179328917, -0.007732120173276687, -0.006985504263492927, -0.006162046787285401
478.2608695652174, -0.006590509944843561, -0.006634713166274361, -0.005168426385820408, -0.005313827932351615, -0.004243999367877531, -0.004824166393276948, -0.005302939856720297, -0.005191873872684209, -0.005375683079196113, -0.005958177483528483, -0.005860839646080165, -0.006441954279447807, -0.006350466765990443, -0.005901447869384644, -0.005580112247039580, -0.004343822638983531, -0.003267630515563476, -0.003123341588813082, -0.002651552724989282, -0.002579282391767696, -0.002727613563392996, -0.002916368280115516, -0.002751085167712056, -0.002769534866830119, -0.002863200190203849, -0.003185401294410028, -0.003866976705768199, -0.003764667598310807, -0.006209739106577700, -0.005566861571937683, -0.006404480841577776, -0.008527032463405909, -0.007152151327172953, -0.008242665181215515, -0.007493920471289559, -0.006590509944843561
470.5882352941177, -0.006980773365520909, -0.006988320179055552, -0.005370715181174442, -0.005337226764633058, -0.004199090642114956, -0.004745746822246517, -0.005149962925581125, -0.005163634625839855, -0.005375062254604806, -0.006030588655847231, -0.005939750981800039, -0.006539855509057624, -0.006461813407291524, -0.005927244001783228, -0.005580094688807191, -0.004350020927743183, -0.003257729755688529, -0.003128729141062902, -0.002716944762552533, -0.002637855531127296, -0.002767347660797800, -0.003009637724775494, -0.002778826941295329, -0.002761865955269695, -0.002798093452217207, -0.003084636864131979, -0.003753997644412626, -0.003731070068270951, -0.006221071573795547, -0.005703250369550395, -0.006659377826911145, -0.008837405402415999, -0.007530439195157152, -0.008726189685499703, -0.007976289605911993, -0.006980773365520909
463.1578947368423, -0.007292887066756288, -0.007271092218835651, -0.005513109592943165, -0.005308177102491832, -0.004123476677879910, -0.004633769562506897, -0.004975237301890125, -0.005117887455520494, -0.005351681006600702, -0.006069368699507660, -0.005969588107531329, -0.006571749785947201, -0.006483275410009248, -0.005861800651619733, -0.005504840884524669, -0.004306314118138438, -0.003232179124469689, -0.003129142916543244, -0.002789957126343356, -0.002708354850276534, -0.002814449387985789, -0.003112673429184568, -0.002806959598290762, -0.002756705311229300, -0.002738272428775836, -0.002991775854487121, -0.003645356890697645, -0.003701106131496968, -0.006217251020426929, -0.005833156108139087, -0.006884887824970266, -0.009086743622090285, -0.007840207104184109, -0.009135566252432203, -0.008387401232421226, -0.007292887066756288
455.9585492227980, -0.007493590170032473, -0.007453988433509140, -0.005579384693747743, -0.005222605875661543, -0.004017763529836972, -0.004490755191896564, -0.004781725358200858, -0.005046357833414250, -0.005293168279146487, -0.006054970848759800, -0.005929186995534233, -0.006513154940063366, -0.006392146526103976, -0.005693915997434048, -0.005346646448686433, -0.004207568893582407, -0.003187848513094666, -0.003121929537749166, -0.002866582704981950, -0.002785129963272332, -0.002863975733358098, -0.003216510557330107, -0.002828328136907884, -0.002745322348775504, -0.002675767800690536, -0.002896255100420133, -0.003528015149067565, -0.003657162820525111, -0.006171329813590287, -0.005926840302790985, -0.007042164842247075, -0.009229706593190432, -0.008041584141175220, -0.009421571276143128, -0.008684927249228187, -0.007493590170032473
448.9795918367347, -0.007554762846871586, -0.007513360339314197, -0.005557505790426783, -0.005078081712679353, -0.003881370860523015, -0.004317215847525933, -0.004569682898407016, -0.004941076443122265, -0.005188699005425713, -0.005971654318847567, -0.005804322563926430, -0.006349987835140643, -0.006181369159531143, -0.005426792561216394, -0.005113221799847422, -0.004060098946537118, -0.003129559015695130, -0.003107728588223812, -0.002945359996676816, -0.002864080381355888, -0.002912470479186963, -0.003313187682208709, -0.002835275273916521, -0.002720997676018561, -0.002603239175134653, -0.002787586622278595, -0.003388864274426270, -0.003582728895339508, -0.006056736914681072, -0.005953582704130969, -0.007096178363820051, -0.009227835796517448, -0.008102533582460244, -0.009542985311769794, -0.008830118536588688, -0.007554762846871586
442.2110552763821, -0.007464330092860392, -0.007439370453818837, -0.005445575036937170, -0.004877198445918181, -0.003715491322038394, -0.004114127664776904, -0.004336410153435781, -0.004786593923902560, -0.005022601709093254, -0.005801835328648091, -0.005585566461002721, -0.006076311123076172, -0.005856776616832787, -0.005076370507392769, -0.004824231883109444, -0.003878550067112547, -0.003065898951358708, -0.003093394610431944, -0.003027549671458814, -0.002944755138606703, -0.002958925267934784, -0.003393626021329357, -0.002819418251849486, -0.002678205939279121, -0.002514471180286534, -0.002659129112154142, -0.003221366688060163, -0.003468120700445740, -0.005857961036762997, -0.005890879328070917, -0.007021515446651492, -0.009053697075518532, -0.008001990865631135, -0.009472207047730599, -0.008801033105416762, -0.007464330092860392
435.6435643564358, -0.007218640496570592, -0.007226718502945227, -0.005242588521676874, -0.004617841902645216, -0.003514967249566900, -0.003876058241682856, -0.004075944533838360, -0.004578489449536804, -0.004795852895873747, -0.005547605418161617, -0.005284967737637526, -0.005710478747300847, -0.005449168710989528, -0.004675736560043209, -0.004511986491617544, -0.003682501551210788, -0.003007432477573924, -0.003079260860491185, -0.003102925772748579, -0.003015719582939290, -0.002991006751970565, -0.003437096874975517, -0.002768528493179951, -0.002608087776999143, -0.002404846961620928, -0.002509646815263336, -0.003026420290359203, -0.003313452751828876, -0.005576641205198336, -0.005733400731415893, -0.006813284498793602, -0.008709216058833420, -0.007739844433761261, -0.009203690059778011, -0.008588097790687017, -0.007218640496570592
429.2682926829269, -0.006832507861788253, -0.006883179183093235, -0.004956685055956935, -0.004304982066785716, -0.003280426265686055, -0.003605631280121820, -0.003787241592355064, -0.004315747169768792, -0.004512406580178712, -0.005215969118657029, -0.004917437358091907, -0.005273650996270408, -0.004989171270947983, -0.004254476291524243, -0.004197639318820627, -0.003484255744103214, -0.002952431975357583, -0.003059230376150220, -0.003153693103019107, -0.003059524231258889, -0.002992298900568479, -0.003421049666265640, -0.002673755546001427, -0.002501981204677984, -0.002271047075564471, -0.002341547106523418, -0.002809539446518800, -0.003124183811463824, -0.005223839555220067, -0.005487284904550695, -0.006478077506861160, -0.008209534364405342, -0.007329094604956749, -0.008749126915227867, -0.008203511992101769, -0.006832507861788253
423.0769230769232, -0.006323332358096213, -0.006418807393882188, -0.004596199664582980, -0.003944440336199477, -0.003013583229508857, -0.003307318218883080, -0.003476072135662766, -0.004013934464110234, -0.004190417407952695, -0.004829670328822512, -0.004505957472849541, -0.004795073045867782, -0.004510498753479868, -0.003838736343696850, -0.003895071502649772, -0.003286451025694319, -0.002891979097489664, -0.003014122837465733, -0.003153854560289203, -0.003050137883524536, -0.002940624993886923, -0.003328686311821836, -0.002532761334122509, -0.002357269953593984, -0.002115813707908023, -0.002159778293532758, -0.002576372767060891, -0.002907143489542777, -0.004810951817620301, -0.005162287314111363, -0.006031383872042241, -0.007582449625044340, -0.006793393604672592, -0.008132853858728167, -0.007663823015648443, -0.006323332358096213
417.0616113744077, -0.005723121602992276, -0.005860347138327024, -0.004182054108355573, -0.003555131926739066, -0.002728177125367215, -0.002995889418244249, -0.003152581257174220, -0.003679545563137442, -0.003833250342376051, -0.004397910096046026, -0.004058925265656096, -0.004288584940655398, -0.004027141913327164, -0.003437370010416224, -0.003601046668485043, -0.003086654963017613, -0.002811898931790075, -0.002933780952985153, -0.003094679255842550, -0.002980671284591369, -0.002834470651718347, -0.003168517873741741, -0.002357337004445470, -0.002185367424292926, -0.001947147813365638, -0.001970753146172094, -0.002333377383823387, -0.002668272465473559, -0.004346314781999610, -0.004764569251037585, -0.005487464949298316, -0.006845989649172623, -0.006154155525829290, -0.007382110085321838, -0.006999972560569175, -0.005723121602992276
411.2149532710281, -0.005058801378358497, -0.005234685530548008, -0.003732424569432855, -0.003151962805989375, -0.002433894911369899, -0.002678265818111214, -0.002825947690108893, -0.003325911214917752, -0.003453362282624385, -0.003939795566839266, -0.003595270440207697, -0.003778202325327733, -0.003560263860445274, -0.003061898682387434, -0.003320401606510274, -0.002881080626260268, -0.002707178111190243, -0.002809101247739852, -0.002973873629046051, -0.002850565702991674, -0.002676383909241960, -0.002957621227398968, -0.002160536262496710, -0.002002315153498311, -0.001776757212576776, -0.001781400136225219, -0.002087859222795952, -0.002414558046462311, -0.003842268517361252, -0.004304000963830858, -0.004871561106237580, -0.006031302987738602, -0.005440860635191122, -0.006532666527573682, -0.006239720604083883, -0.005058801378358497
405.5299539170508, -0.004372259720144292, -0.004582983821692193, -0.003274403071470730, -0.002754560351994719, -0.002143782821129355, -0.002363858466450322, -0.002499526686237603, -0.002951508850136233, -0.003050618777743574, -0.003462054149765655, -0.003127086280247508, -0.003278001965446475, -0.003119154489742974, -0.002714126245413726, -0.003049076434453608, -0.002671063753631974, -0.002575335930433101, -0.002648249445486680, -0.002805927880894576, -0.002678115775861444, -0.002485521104119709, -0.002718371231653115, -0.001955277903125608, -0.001821363917398954, -0.001609408062845252, -0.001595754943740076, -0.001846951529983705, -0.002153321461021972, -0.003319101988122762, -0.003797370451105004, -0.004214982091208877, -0.005171482806106094, -0.004686950803014124, -0.005629120283539948, -0.005429950680126078, -0.004372259720144292
400.0000000000001, -0.003692830343366915, -0.003932883981435982, -0.002822212982794446, -0.002367647341137986, -0.001857598327619536, -0.002050744320087600, -0.002175463094026965, -0.002571579188553464, -0.002646107939524947, -0.002991301193486843, -0.002681710313405002, -0.002814317135669758, -0.002723828058795189, -0.002402629089475277, -0.002791687545220188, -0.002451753313846194, -0.002416383608898073, -0.002447538108606335, -0.002590078349220236, -0.002463542252079931, -0.002261276154385498, -0.002453796402219791, -0.001741555653071226, -0.001641513928620534, -0.001446069366887045, -0.001416246602956106, -0.001616474685312511, -0.001893570916254242, -0.002803540320084108, -0.003272831237657466, -0.003559985914181414, -0.004321836015576290, -0.003937896653614503, -0.004726698621489355, -0.004610378952417784, -0.003692830343366915
