0, 10.2857, 20.5714, 30.8571, 41.1429, 51.4286, 61.7143, 72, 82.2857, 92.5714, 102.857, 113.143, 123.429, 133.714, 144, 154.286, 164.571, 174.857, 185.143, 195.429, 205.714, 216, 226.286, 236.571, 246.857, 257.143, 267.429, 277.714, 288, 298.286, 308.571, 318.857, 329.143, 339.429, 349.714, 360
1000.000000000000, -0.001607588211563332, -0.001721538263957439, -0.002091736117132313, -0.002233051973630453, -0.002303089897166184, -0.002097925812677237, -0.002304948496367368, -0.002013707486037065, -0.001752458143226418, -0.001628077052760781, -0.001331469099651689, -0.001351105808714402, -0.001165941452684002, -0.001080751588710891, -0.001214183329414601, -0.001386883408441118, -0.001360591915198804, -0.001558472156635797, -0.001677442737166968, -0.001780459398350783, -0.001818122694055292, -0.001645056403795239, -0.001621948303144941, -0.001397636702958113, -0.001232640016195749, -0.001193983709946374, -0.001165160815530493, -0.001048181076178282, -0.0009892579218725600, -0.001033093692897008, -0.001007929477435521, -0.001143777160098365, -0.001234402144412103, -0.001244321065372278, -0.001459627734136250, -0.001607588211563332
967.0329670329672, -0.001595269714977401, -0.001710613911835600, -0.002106268161221184, -0.002275073032888640, -0.002377290116889182, -0.002189487405988356, -0.002448698055710707, -0.002124089846464415, -0.001880102038133000, -0.001762849182116258, -0.001454675434654503, -0.001509004408881449, -0.001316880238533571, -0.001226288357631578, -0.001345069427988502, -0.001496056525799250, -0.001453498813772502, -0.001628937362925438, -0.001728556733608226, -0.001827908193239754, -0.001856079088232966, -0.001694946797372974, -0.001681648889189714, -0.001463115874369724, -0.001309579891035982, -0.001289870415734728, -0.001274096837966739, -0.001161229179526208, -0.001093809932029775, -0.001135702068161105, -0.001069073488940209, -0.001191896397445631, -0.001260531105378971, -0.001244576375419480, -0.001440081667500264, -0.001595269714977401
936.1702127659576, -0.001584849739719492, -0.001696372387642024, -0.002115352102809988, -0.002310242461635319, -0.002444384695735254, -0.002279468296807119, -0.002605102689130221, -0.002249682151871438, -0.002038989174351237, -0.001927763002377522, -0.001611140591249128, -0.001709782663796870, -0.001511376683818742, -0.001415628702076363, -0.001516976801119690, -0.001638224935715315, -0.001579870749483109, -0.001729283180441324, -0.001800989326170035, -0.001892135825467735, -0.001905170129412355, -0.001752865245053606, -0.001747721591487271, -0.001533587638979006, -0.001388971732792967, -0.001390023381803471, -0.001386678206251640, -0.001285391404391179, -0.001209320421454224, -0.001253467037955900, -0.001142907306547375, -0.001251838405104261, -0.001295575635278768, -0.001256501726573696, -0.001423714587938750, -0.001584849739719492
907.2164948453610, -0.001593586733334542, -0.001703319667562492, -0.002149443561042891, -0.002377439095779542, -0.002544519750523373, -0.002409854375662726, -0.002816554879785264, -0.002426612737670956, -0.002256348778090210, -0.002147063617425543, -0.001809035245449286, -0.001957015865314741, -0.001741399623462275, -0.001636557420776860, -0.001714246251556788, -0.001798103518164868, -0.001725505258109477, -0.001848435095458079, -0.001888513566745765, -0.001969530633186833, -0.001964892338130082, -0.001817655817054640, -0.001817956385914502, -0.001604332931857938, -0.001465603609872565, -0.001487607856014340, -0.001497997079229598, -0.001413680785107610, -0.001331162058047357, -0.001383118938499039, -0.001229297733603921, -0.001326949538608939, -0.001346286327419544, -0.001289016711792001, -0.001425389099545511, -0.001593586733334542
880.0000000000002, -0.001627609015705683, -0.001743381740823571, -0.002225910167763579, -0.002499296084408604, -0.002702088782806265, -0.002605397756222989, -0.003100687572302755, -0.002667672009608571, -0.002534839601555383, -0.002423881171912319, -0.002042986542326628, -0.002242881696711351, -0.001997813649642244, -0.001878913685026765, -0.001933251722221585, -0.001977393502688169, -0.001890935777259597, -0.001990776743419045, -0.001999108266259622, -0.002068141850831390, -0.002043141330272836, -0.001895381379107573, -0.001895916740878338, -0.001677351870496857, -0.001538660934956274, -0.001581488008350863, -0.001607797874924655, -0.001543321554188446, -0.001457661331582088, -0.001520686475980124, -0.001324605902102295, -0.001413625227192119, -0.001412114795474971, -0.001341670352184116, -0.001449335054799755, -0.001627609015705683
854.3689320388352, -0.001681033742205501, -0.001810648411592300, -0.002339057772861284, -0.002669650769057855, -0.002910042847921221, -0.002857364181643864, -0.003436901656208267, -0.002950275317150226, -0.002845348683605721, -0.002731123170548314, -0.002292400975168490, -0.002545586779035834, -0.002266411596316053, -0.002132424986671635, -0.002173520799952818, -0.002182897544765088, -0.002080307999363009, -0.002162902944622001, -0.002140055377849251, -0.002194209638970510, -0.002144718597734560, -0.001990846202675473, -0.001986335794340080, -0.001760418858479321, -0.001616736499016723, -0.001681916134098585, -0.001726676289597110, -0.001683633686451991, -0.001598976145240798, -0.001670497209633839, -0.001430299904194233, -0.001511353421183059, -0.001490499453366033, -0.001410889347336509, -0.001491066551792904, -0.001681033742205501
830.1886792452832, -0.001736400730459335, -0.001882383899132063, -0.002459928713127024, -0.002856168551363877, -0.003132303678357463, -0.003126663708553168, -0.003778008243577244, -0.003231841373361968, -0.003147244355920013, -0.003029370277867549, -0.002536002952854386, -0.002845421474806986, -0.002535320803150345, -0.002392038865242921, -0.002434166054630646, -0.002419755282846655, -0.002295724852041878, -0.002366026642974644, -0.002309803413558768, -0.002345801560057180, -0.002266037761867876, -0.002103775879555310, -0.002092522958069093, -0.001863626970687364, -0.001714079492144119, -0.001805052923016241, -0.001871053040212423, -0.001849798953807292, -0.001771180768008716, -0.001840643380917965, -0.001550149525477544, -0.001621656049027277, -0.001575306899542207, -0.001489051942911854, -0.001537385694542156, -0.001736400730459335
807.3394495412846, -0.001778959281745402, -0.001938407045451293, -0.002560796646904578, -0.003028325292108587, -0.003333538752271487, -0.003376262662330549, -0.004089365085377009, -0.003485119830786912, -0.003423643663099145, -0.003301086723652457, -0.002774850204874589, -0.003146802352559661, -0.002808535626778003, -0.002667207368667671, -0.002717155777979211, -0.002690714038630282, -0.002538537736742793, -0.002598480901628299, -0.002502517568902273, -0.002519297561172522, -0.002404099024000688, -0.002236838454356328, -0.002222641453191738, -0.002001014982524485, -0.001849715434686629, -0.001968640559348321, -0.002059521253351551, -0.002056029345624124, -0.001989366739624069, -0.002038847419245413, -0.001690459256664335, -0.001749582276695216, -0.001662554577951867, -0.001571551877378315, -0.001577648256164693, -0.001778959281745402
785.7142857142858, -0.001808752848363250, -0.001979094680963420, -0.002639657640734902, -0.003184873551188314, -0.003510946890453958, -0.003604579753298600, -0.004381389002749478, -0.003726523226593069, -0.003703432107937422, -0.003574085252914410, -0.003043498886159022, -0.003487310252744420, -0.003115256739404168, -0.002985928013137902, -0.003034403007489191, -0.003002055305616032, -0.002815036925665072, -0.002861501114543454, -0.002715470086111306, -0.002714972210451783, -0.002560739010908496, -0.002395680173507580, -0.002385613516809086, -0.002181918254819893, -0.002035751612983494, -0.002178305251136398, -0.002298419941203606, -0.002301533138845296, -0.002252865410190355, -0.002261088182847561, -0.001851069949081575, -0.001895811607413971, -0.001749705486161652, -0.001657082984129077, -0.001611475679127819, -0.001808752848363250
765.2173913043480, -0.001840529534942094, -0.002025087179755258, -0.002721198236507861, -0.003352334302504028, -0.003693393460564332, -0.003843452062737060, -0.004696316277674424, -0.003997522482858218, -0.004034022276833109, -0.003896754568034874, -0.003383215461992722, -0.003907649009477134, -0.003488723647420303, -0.003374224818065226, -0.003397456301067628, -0.003357887742020577, -0.003129661597479821, -0.003156750890303241, -0.002948805067728459, -0.002935248881829839, -0.002740615602955544, -0.002583967682467730, -0.002583767699632123, -0.002403986315725732, -0.002268371933977385, -0.002421316130033802, -0.002575352862243222, -0.002567064471200714, -0.002541853328910026, -0.002490480134213139, -0.002022876885775718, -0.002054571247734888, -0.001835747932857226, -0.001747971105613853, -0.001649041348731901, -0.001840529534942094
745.7627118644069, -0.001892567009817690, -0.002099770703421640, -0.002834354478061186, -0.003559089284851256, -0.003912834453254905, -0.004125772129509148, -0.005066652954759034, -0.004324428971719989, -0.004436494571672970, -0.004293405651286782, -0.003805659635995516, -0.004414210507521539, -0.003936098100499363, -0.003830702221100644, -0.003800401030457503, -0.003747067138116860, -0.003472062800391927, -0.003473232822835203, -0.003193463705820115, -0.003171673879004616, -0.002937477879342183, -0.002793092697607011, -0.002804155477773010, -0.002649261898108897, -0.002526262067238155, -0.002672237879211412, -0.002864370046026642, -0.002824475677218892, -0.002828095443376171, -0.002706557520187455, -0.002191039257997775, -0.002216317919648213, -0.001920442129045717, -0.001847770486044232, -0.001703326610870364, -0.001892567009817690
727.2727272727275, -0.001974537554424743, -0.002209636550302189, -0.002985669348018339, -0.003805900855693814, -0.004169974362799466, -0.004447362863309858, -0.005476047801001029, -0.004685790153727457, -0.004877038437470587, -0.004733854651921117, -0.004273621334014483, -0.004963057208725498, -0.004421676679594409, -0.004315884593461450, -0.004210706102720331, -0.004138748479577825, -0.003812688944358498, -0.003784075355172348, -0.003428067193778674, -0.003403492818951246, -0.003132969941540489, -0.003005440651434727, -0.003026171544670152, -0.002895568046155979, -0.002782918910493368, -0.002911141114760768, -0.003144841902787953, -0.003055782313386560, -0.003094475742162397, -0.002901119704160088, -0.002347092883683618, -0.002378126310296412, -0.002007815616760158, -0.001962545488138227, -0.001782865576602801, -0.001974537554424743
709.6774193548388, -0.002087074897672770, -0.002343418590454055, -0.003156655384503096, -0.004065244795179669, -0.004432303883823642, -0.004766502475491654, -0.005867711377332848, -0.005026268537879572, -0.005289780549140740, -0.005153889080037773, -0.004726107874918090, -0.005488093298683051, -0.004888483659397931, -0.004774694157471453, -0.004585697222617074, -0.004495062970421528, -0.004117295875532832, -0.004056867209329001, -0.003627765128293991, -0.003608037562178419, -0.003306752615376737, -0.003206667878779460, -0.003237117145389652, -0.003131166313160495, -0.003024558226350293, -0.003139115025601616, -0.003416530502592523, -0.003265361987378815, -0.003346524655434265, -0.003085357007333726, -0.002497640112430548, -0.002550449766399101, -0.002109327560546185, -0.002103158886079305, -0.001892178837987687, -0.002087074897672770
692.9133858267718, -0.002224776388841057, -0.002482515432619297, -0.003318015972548505, -0.004300155410302190, -0.004656238056404761, -0.005031397257324892, -0.006180950054436265, -0.005295425766690055, -0.005622600463887445, -0.005501442788554279, -0.005119237621882016, -0.005943694102766303, -0.005296343548871997, -0.005170557068805499, -0.004899865602620452, -0.004796164509183846, -0.004369585314470638, -0.004276675501337202, -0.003784193063468787, -0.003780573967520840, -0.003455374822576433, -0.003398077042109003, -0.003443366126536881, -0.003361701118426908, -0.003256714197767078, -0.003374029866821721, -0.003695356309424615, -0.003471772180760126, -0.003602420891659551, -0.003278735397527891, -0.002659649069940358, -0.002751317784813449, -0.002238912224229695, -0.002281022121518449, -0.002032628901628301, -0.002224776388841057
676.9230769230771, -0.002380462206190863, -0.002614373455348087, -0.003449728645667025, -0.004488135545490420, -0.004815902109423650, -0.005215690559215284, -0.006389596990309724, -0.005479923096073225, -0.005867905575208392, -0.005769045109048645, -0.005449887434504422, -0.006325616706387279, -0.005643048037173747, -0.005502283701543566, -0.005157729534027588, -0.005047549499425617, -0.004577020353032742, -0.004451668660007016, -0.003908904993731138, -0.003935596225680390, -0.003593705583078542, -0.003592615299622532, -0.003662100025552840, -0.003599666640646542, -0.003495233400026484, -0.003631748179269435, -0.003994604494786993, -0.003688457260448251, -0.003873895364864399, -0.003491544819353496, -0.002846835085361051, -0.002993424334687730, -0.002403721660129786, -0.002500860783938164, -0.002203023115732343, -0.002380462206190863
661.6541353383459, -0.002544447019630194, -0.002734648622596871, -0.003546006007325313, -0.004626149246626650, -0.004910765831707341, -0.005326580830810129, -0.006507401001476056, -0.005603475890949934, -0.006055465313003478, -0.005987312711892965, -0.005744053544370088, -0.006657767343182234, -0.005952468487379077, -0.005791267492939902, -0.005381085724812840, -0.005269266406366992, -0.004757387506101374, -0.004601794836838972, -0.004021939736329251, -0.004092416133931335, -0.003740988938323925, -0.003799444641035378, -0.003902006263139198, -0.003847553296900960, -0.003746702561791576, -0.003907084366630668, -0.004307410186306513, -0.003908835799698684, -0.004152938622008574, -0.003715096658086747, -0.003058261784795201, -0.003274307101001238, -0.002597207696935886, -0.002754924645740321, -0.002396981269498994, -0.002544447019630194
647.0588235294119, -0.002707803885399933, -0.002844936652735368, -0.003611617635900400, -0.004722862172286296, -0.004955660192978024, -0.005390021424472930, -0.006568222929384797, -0.005700775135423887, -0.006219577033733834, -0.006190080697790886, -0.006024631068081513, -0.006959171012268058, -0.006241484471572704, -0.006051909057390337, -0.005582194850335628, -0.005470056404989896, -0.004915914125910957, -0.004734744045154772, -0.004130824469076428, -0.004253173004313161, -0.003900066081066638, -0.004010426053847628, -0.004149833815559290, -0.004088520810028750, -0.003998010960535028, -0.004174767367410525, -0.004608037885465556, -0.004110867830572679, -0.004418292105955119, -0.003929921701559707, -0.003280982783873076, -0.003580278911759312, -0.002804514000292937, -0.003029083788249115, -0.002606076031359253, -0.002707803885399933
633.0935251798562, -0.002865447690694866, -0.002948154582528834, -0.003653625891980125, -0.004787110795277735, -0.004966013268296130, -0.005427955136836914, -0.006600497258203612, -0.005793855510661698, -0.006375237947137196, -0.006388460806357557, -0.006292160681494893, -0.007227092595570774, -0.006502890068070442, -0.006277001589346730, -0.005753018179844653, -0.005640039691053109, -0.005040793722473426, -0.004839246914085145, -0.004225947260284364, -0.004399588025455241, -0.004053863775357043, -0.004201735571174341, -0.004375241339295298, -0.004293569000263436, -0.004220836328696569, -0.004404541226358363, -0.004866098912053688, -0.004271955476226523, -0.004649631231484225, -0.004119090318829012, -0.003499661554110019, -0.003895690053772799, -0.003012111446510567, -0.003311490986935842, -0.002823349206037697, -0.002865447690694866
619.7183098591551, -0.003019605076839122, -0.003047942733179880, -0.003679435249955658, -0.004824825030874906, -0.004951369008837513, -0.005448318800911759, -0.006614982030729502, -0.005882249954241301, -0.006513875803636603, -0.006566971326142957, -0.006526461745661964, -0.007440547526107688, -0.006710938428412606, -0.006444184963281866, -0.005874049193804575, -0.005758805496320075, -0.005112965551993386, -0.004895077672902827, -0.004289750308814428, -0.004506137562444780, -0.004177846414021028, -0.004347504379688926, -0.004548542957127455, -0.004437136003650536, -0.004389240064102955, -0.004579784591202026, -0.005063538239850723, -0.004383083411081745, -0.004839566177031894, -0.004277509306107187, -0.003705897921100514, -0.004211215791273720, -0.003215568203809274, -0.003599259476615145, -0.003047254051456059, -0.003019605076839122
606.8965517241380, -0.003175380138771393, -0.003147117509182592, -0.003695584515877071, -0.004840983667368202, -0.004917775644862801, -0.005449883301103751, -0.006610423375118864, -0.005955235347699390, -0.006621892789472650, -0.006705405311249190, -0.006709157263646292, -0.007584335515031455, -0.006847860421802112, -0.006539932623599557, -0.005936601495184790, -0.005816845640166825, -0.005124765371540806, -0.004892550261206578, -0.004312560516778118, -0.004558757613601838, -0.004257722669564470, -0.004433123613138641, -0.004655463418437851, -0.004509023980626300, -0.004492695046678468, -0.004701310253588685, -0.005198810460097844, -0.004449239611238723, -0.004992352985906490, -0.004408603371734763, -0.003897584162057953, -0.004522268681546311, -0.003416210976424527, -0.003893095678941858, -0.003277563196894614, -0.003175380138771393
594.5945945945948, -0.003336342564096023, -0.003247758287837031, -0.003708364841827999, -0.004842085043702727, -0.004870878671441758, -0.005431958059092716, -0.006584121650393439, -0.006004176351731299, -0.006694527321305824, -0.006796286974377835, -0.006837160019687162, -0.007661671170075419, -0.006917181270587531, -0.006571552332947732, -0.005950754947970799, -0.005823708274845180, -0.005084638899873802, -0.004840699765852841, -0.004298805590707631, -0.004561693037178786, -0.004296194451944010, -0.004460051442989766, -0.004700641865798459, -0.004515457551137329, -0.004538455996632336, -0.004780903180089527, -0.005282416578208355, -0.004482894539710289, -0.005117992351262305, -0.004518804946213741, -0.004076153532567598, -0.004826877473906509, -0.003616318217193770, -0.004192474861089496, -0.003512695076229863, -0.003336342564096023
582.7814569536424, -0.003500879495833034, -0.003350465297585810, -0.003721776925926905, -0.004834953820200412, -0.004816879780776311, -0.005399641184180026, -0.006540051159490333, -0.006031782452304426, -0.006740851889711756, -0.006850872708867218, -0.006924203498539440, -0.007693382562170323, -0.006941816918075226, -0.006563934879850341, -0.005939819064662621, -0.005802532695958335, -0.005012194568342602, -0.004759991355857554, -0.004261357775462239, -0.004529164406529516, -0.004305382470357564, -0.004439017312708430, -0.004697892794477641, -0.004470789428852725, -0.004541193150658688, -0.004828529550301298, -0.005325343581497618, -0.004493845642688022, -0.005223412315633552, -0.004610884093647326, -0.004241396855271113, -0.005121700155902158, -0.003813709379405642, -0.004491291834539838, -0.003747621948726544, -0.003500879495833034
571.4285714285716, -0.003666404298664340, -0.003456649228084225, -0.003738806686951970, -0.004824922945162249, -0.004760057761287882, -0.005360148718359200, -0.006484574301123175, -0.006044293779092034, -0.006771063503743756, -0.006884363196511250, -0.006984415671314819, -0.007699225342193743, -0.006944376578399688, -0.006540946164988763, -0.005923701495847023, -0.005774499805892087, -0.004925109669202128, -0.004669091740709563, -0.004212078868249606, -0.004473641617984692, -0.004295737066719764, -0.004381879856528286, -0.004660187013143531, -0.004388698176353336, -0.004512743531638853, -0.004846698645878222, -0.005332779767231021, -0.004485377590088695, -0.005309370313415268, -0.004683547378835307, -0.004391496372613423, -0.005403481031735848, -0.004004454391073741, -0.004783237603976278, -0.003978833674263381, -0.003666404298664340
560.5095541401275, -0.003832796454739405, -0.003569536469840748, -0.003762476904528393, -0.004816028202915191, -0.004703130835606883, -0.005319073993375683, -0.006422905457549918, -0.006046549496857077, -0.006790088516063778, -0.006905885944490215, -0.007025224358790326, -0.007689601321702572, -0.006938321615042131, -0.006516629790222763, -0.005913128903402494, -0.005749674527863990, -0.004833868971714286, -0.004576052276973155, -0.004155370191387651, -0.004398912324773903, -0.004269410440715806, -0.004295561832145407, -0.004593265863279707, -0.004277188301518507, -0.004457027667701174, -0.004830472523015096, -0.005302020233847729, -0.004453940946887731, -0.005369566421215009, -0.004731358968838769, -0.004521329786745697, -0.005667385686929972, -0.004184334022014960, -0.005063312584049580, -0.004206121016332955, -0.003832796454739405
550.0000000000001, -0.004004437818817665, -0.003694214344174630, -0.003797792448737303, -0.004812676264308694, -0.004648176061263546, -0.005278636012744057, -0.006355694999954959, -0.006037858895377026, -0.006796650622258388, -0.006915817712057622, -0.007047703575266859, -0.007666928583964609, -0.006928160342832302, -0.006496082723336857, -0.005911209185315745, -0.005730082769236648, -0.004742767644163722, -0.004483161521009122, -0.004092270048441100, -0.004306161601951073, -0.004225660234495896, -0.004185602738478405, -0.004500679411176705, -0.004141291823515416, -0.004373827261431646, -0.004774284988206635, -0.005228948841464794, -0.004395095016658241, -0.005396815530087598, -0.004750189930015972, -0.004626359305017203, -0.005910399496714117, -0.004353699316881088, -0.005331834530460097, -0.004433223877771732, -0.004004437818817665
539.8773006134970, -0.004187684013437903, -0.003835870233903101, -0.003850257685845110, -0.004820936573667901, -0.004599157731510967, -0.005241904610565340, -0.006284893696416157, -0.006019957593074573, -0.006793282836964232, -0.006916544207649209, -0.007057816816430769, -0.007637513614407955, -0.006920098528186608, -0.006485221598027929, -0.005921394440165237, -0.005716621255206208, -0.004655953259874928, -0.004392888321338012, -0.004024660334472516, -0.004199429755164073, -0.004166461795845369, -0.004059110660068278, -0.004388226791512312, -0.003986447327418378, -0.004264368326393157, -0.004677274439897302, -0.005113651852730071, -0.004308321228227753, -0.005388650820712178, -0.004740851968894130, -0.004704553078041838, -0.006132170521475536, -0.004516886188706693, -0.005592010822117835, -0.004664962660920773, -0.004187684013437903
530.1204819277109, -0.004389640828331503, -0.003999120028040396, -0.003924714360993193, -0.004847067317228705, -0.004560335947449029, -0.005213399732084698, -0.006213362264576127, -0.005997877691875799, -0.006787232391883244, -0.006915856147705650, -0.007066695783676268, -0.007612841765909278, -0.006922841101843624, -0.006491657733756527, -0.005947275735918772, -0.005714502451911249, -0.004579492711598193, -0.004313578973894920, -0.003960011997502172, -0.004089972339758114, -0.004101108347426542, -0.003928118017974845, -0.004268262036471892, -0.003821838736073592, -0.004134734663072015, -0.004545465969446484, -0.004964117817804863, -0.004200318828881485, -0.005352082612871345, -0.004712896753713013, -0.004761947661011010, -0.006340343997242459, -0.004684190586418232, -0.005853367293651880, -0.004907825466347679, -0.004389640828331503
520.7100591715978, -0.004617725057940825, -0.004188609881075739, -0.004023993031617222, -0.004895909162108659, -0.004534859969622611, -0.005198603827945337, -0.006145743916129886, -0.005980105184171097, -0.006787709581601040, -0.006924814393726982, -0.007086373620115752, -0.007604427644672123, -0.006943663929690564, -0.006520594885624760, -0.005989700196085354, -0.005727660701899340, -0.004519120431944500, -0.004253576319844771, -0.003906596075521608, -0.003989410821277066, -0.004040329125339854, -0.003804560500217343, -0.004153560521849581, -0.003657187296075778, -0.003994022588415723, -0.004388418633766806, -0.004792215559711805, -0.004081883850171993, -0.005299997328472408, -0.004680872252730020, -0.004809980083640066, -0.006547557138767718, -0.004867419789916636, -0.006128238429863822, -0.005170369447950461, -0.004617725057940825
511.6279069767443, -0.004878798150921493, -0.004408354305918244, -0.004149026004664413, -0.004968638359513740, -0.004522336535673179, -0.005199278180239185, -0.006082383579403080, -0.005971275625558790, -0.006798174094113482, -0.006949109837628213, -0.007120762622695393, -0.007615273075829482, -0.006980943749979070, -0.006568294095718761, -0.006042416948820112, -0.005756709725875564, -0.004477370055276996, -0.004218762034445891, -0.003871776233967597, -0.003906573141197061, -0.003992724451903977, -0.003697952470516866, -0.004053868753982411, -0.003500617482182321, -0.003850560186285666, -0.004215237756764207, -0.004609643970317538, -0.003964611347663615, -0.005246868353365958, -0.004660754119023445, -0.004863923435463369, -0.006769570215598782, -0.005078607914165751, -0.006431413952270415, -0.005462350640172015, -0.004878798150921493
502.8571428571429, -0.005177417838839317, -0.004660980861364370, -0.004298705198528736, -0.005063433894487454, -0.004520389904640620, -0.005213552430191400, -0.006021453165495054, -0.005971445927118896, -0.006815323572066272, -0.006985872521581436, -0.007164215454278025, -0.007637897988570388, -0.007023599126033721, -0.006622128095327411, -0.006093627488778686, -0.005794020033695476, -0.004451948310836173, -0.004207771425237874, -0.003857282771855066, -0.003842853815036919, -0.003959781620116272, -0.003611229529636231, -0.003970645753235438, -0.003355351193201944, -0.003709953842546469, -0.004033238152567092, -0.004424990169068800, -0.003858113497264842, -0.005203935449075930, -0.004665142271663070, -0.004935957834148953, -0.007017205039230456, -0.005324203792299928, -0.006772082718618058, -0.005791450205036128, -0.005177417838839317
494.3820224719103, -0.005511722996490134, -0.004944024060811762, -0.004468680530288589, -0.005174119644784776, -0.004524145508308035, -0.005234257506750797, -0.005955992510192465, -0.005973774355161257, -0.006828825896220948, -0.007023279940602522, -0.007202303019473064, -0.007656462328899260, -0.007053949145380820, -0.006663899308823607, -0.006129124637366067, -0.005830068781971721, -0.004438291359552288, -0.004216530656298711, -0.003862093997506923, -0.003796265450600486, -0.003938983159280827, -0.003543562156665013, -0.003900948347974817, -0.003222102977215949, -0.003575420756267675, -0.003848945125427486, -0.004245269257839326, -0.003770623974156102, -0.005179420955403902, -0.004703041955325282, -0.005034680917750710, -0.007294915361024322, -0.005604451027123480, -0.007152683130392474, -0.006158634980866941, -0.005511722996490134
486.1878453038675, -0.005872686928553189, -0.005249688778020938, -0.004650918762390309, -0.005291279593339101, -0.004526988443659087, -0.005250686896105431, -0.005877562516561327, -0.005966369268078519, -0.006823184571178734, -0.007042773569799372, -0.007215648468370636, -0.007649968134658003, -0.007051946550860739, -0.006674235634281328, -0.006135508086107225, -0.005851505207116057, -0.004429598023712893, -0.004237510412359003, -0.003880821298856542, -0.003761314499438474, -0.003924195808779300, -0.003490410683412692, -0.003838107741836816, -0.003099548335121554, -0.003449948496320748, -0.003669947620064923, -0.004076943737405051, -0.003708402483600054, -0.005177355878039149, -0.004777889731413024, -0.005160679752265601, -0.007595954973410278, -0.005909112126114607, -0.007563435798669724, -0.006556526710176691, -0.005872686928553189
478.2608695652174, -0.006241173588711593, -0.005561470717268868, -0.004832087908237269, -0.005400115694700964, -0.004518313677812677, -0.005247069361874778, -0.005773380915783845, -0.005933925372267546, -0.006781467268176034, -0.007024329488631059, -0.007185424159131720, -0.007598832358083709, -0.007000065065111896, -0.006636814952564044, -0.006101770749785340, -0.005848308397495593, -0.004419596074931142, -0.004263756963186417, -0.003907315960312563, -0.003732984555909483, -0.003909784843034956, -0.003447244954153212, -0.003776911935210597, -0.002986989333974142, -0.003335996718837750, -0.003503235752367825, -0.003925477407559657, -0.003673958709027004, -0.005196816973916408, -0.004886563467100737, -0.005307465911432016, -0.007903804713734240, -0.006218632250068545, -0.007984165604008733, -0.006966406818619623, -0.006241173588711593
470.5882352941177, -0.006591258221923015, -0.005857727960916201, -0.004996175916752189, -0.005485176269861503, -0.004487508307923191, -0.005209184056181157, -0.005635100620698447, -0.005864407054434046, -0.006690975024227740, -0.006951925055731631, -0.007097625804262388, -0.007488120957379455, -0.006884875677051871, -0.006539865156650286, -0.006019099541548945, -0.005808426686250902, -0.004399998208690553, -0.004286184115406297, -0.003933274145661258, -0.003705278649512966, -0.003889843587340637, -0.003408543692887237, -0.003711638975021451, -0.002882446481636919, -0.003234301205239250, -0.003352674224153088, -0.003792036688889336, -0.003662262821414417, -0.005228009841779862, -0.005015856872301210, -0.005457210243181691, -0.008189083823004076, -0.006502672706430176, -0.008381223958035394, -0.007360350872472292, -0.006591258221923015
463.1578947368423, -0.006889267357850368, -0.006110877045815299, -0.005125127127692492, -0.005531687439374741, -0.004426836155946726, -0.005128421500996067, -0.005459946799983001, -0.005753830001264775, -0.006548166937840480, -0.006819071699115544, -0.006945612544767509, -0.007310928304481839, -0.006699527859988532, -0.006377363547503388, -0.005881779093866007, -0.005724397944871764, -0.004363641244967541, -0.004296112147950331, -0.003951559590788230, -0.003673262835893048, -0.003859593736499464, -0.003369572423841354, -0.003637832753877258, -0.002783091317358571, -0.003140911564539895, -0.003214958242799634, -0.003670602558917465, -0.003659299384171627, -0.005251471602440441, -0.005142288762825335, -0.005583750908961084, -0.008413569733600879, -0.006725128915573888, -0.008712741943227506, -0.007700643584728459, -0.006889267357850368
455.9585492227980, -0.007103235875976500, -0.006296673858157432, -0.005204885161768622, -0.005532106075657022, -0.004336378933661800, -0.005006892052837822, -0.005255389105366374, -0.005602737845376691, -0.006352070830943824, -0.006621910423517529, -0.006722959432533739, -0.007059975178374400, -0.006438793449716800, -0.006145266223177567, -0.005686363070487201, -0.005586090257024601, -0.004301456519885590, -0.004283726310295545, -0.003954922459764638, -0.003631692402224838, -0.003813954820659588, -0.003324758955633382, -0.003548789445720860, -0.002683770101232884, -0.003047576481170678, -0.003080926314101477, -0.003548600048119582, -0.003644542298273261, -0.005240361770920146, -0.005234733943659781, -0.005654132486176970, -0.008533883039539244, -0.006848621976034258, -0.008932735122883693, -0.007949364438354535, -0.007103235875976500
448.9795918367347, -0.007204783702744707, -0.006393461305824138, -0.005223795818727199, -0.005480161510554841, -0.004217849594730922, -0.004848139110275999, -0.005025976284669604, -0.005409114232968534, -0.006099771199544384, -0.006356363013455424, -0.006424202608099004, -0.006729891508108724, -0.006103130328768268, -0.005844434924877843, -0.005435622755971490, -0.005390480103480797, -0.004208831390789329, -0.004241022826359727, -0.003936839019120160, -0.003575650776115416, -0.003747302858856749, -0.003268058499621349, -0.003437744075156675, -0.002578604995374705, -0.002943743178877008, -0.002939090781480817, -0.003412169449781009, -0.003598847976123369, -0.005170233251315248, -0.005264478238156106, -0.005640748366380115, -0.008515703556363788, -0.006845869197261043, -0.009004810097493078, -0.008072713658989296, -0.007204783702744707
442.2110552763821, -0.007180341714431737, -0.006390270678603592, -0.005176131636445663, -0.005371051513590821, -0.004070270643065139, -0.004651828958341618, -0.004771387169853169, -0.005163651084860357, -0.005783243726187144, -0.006014535622755105, -0.006045612842447349, -0.006317410579255424, -0.005697710728702153, -0.005480847923989992, -0.005138021374979284, -0.005136440793016585, -0.004081710755930459, -0.004161889084592232, -0.003889657259490984, -0.003499946521216909, -0.003653364985510806, -0.003191324277993924, -0.003297178788766584, -0.002461362810078329, -0.002820945426479041, -0.002782440210052532, -0.003252572817677286, -0.003510852655404960, -0.005027018192777737, -0.005213477915791431, -0.005526802303604677, -0.008341851352630951, -0.006705168409568481, -0.008908416921211339, -0.008053063984767017, -0.007180341714431737
435.6435643564358, -0.007023665326013714, -0.006277722990939223, -0.005054994947910390, -0.005193901222844712, -0.003885024500022322, -0.004410390326562361, -0.004482766741323782, -0.004861664038102213, -0.005405178029992016, -0.005601701072056590, -0.005600684290144396, -0.005838215123558955, -0.005243865964956021, -0.005073449885184506, -0.004810702107344369, -0.004835664071594825, -0.003923266274519079, -0.004042492721871233, -0.003804643263675449, -0.003398256100124845, -0.003524642128331905, -0.003085261147089252, -0.003123616590145013, -0.002327510552744959, -0.002675836520433729, -0.002609852147286512, -0.003068584672980272, -0.003379066492464650, -0.004810354120955829, -0.005078391035430776, -0.005312003505794454, -0.008016901049941721, -0.006432824497358813, -0.008642847543933850, -0.007883062604964977, -0.007023665326013714
429.2682926829269, -0.006740987027654842, -0.006056161050000589, -0.004859283147622375, -0.004943907625517011, -0.003655995239349467, -0.004121872247356823, -0.004159643839093251, -0.004509655154513989, -0.004979986004830243, -0.005135166445252724, -0.005112625540310342, -0.005316831655256504, -0.004767035584834654, -0.004644426110045680, -0.004469654647245461, -0.004499837726710258, -0.003734589773248174, -0.003881918233677747, -0.003675872541302253, -0.003266450350317406, -0.003357248834704575, -0.002943359275660091, -0.002919124421161009, -0.002176720775743198, -0.002510769888632911, -0.002424891360167701, -0.002863609264103636, -0.003206331333245411, -0.004526420686554395, -0.004862919404978073, -0.005003083860245464, -0.007555299367853256, -0.006043541012714121, -0.008217510073859806, -0.007569055416621089, -0.006740987027654842
423.0769230769232, -0.006337021355334821, -0.005725865178446952, -0.004588284842944300, -0.004621314386357462, -0.003384405429382188, -0.003793911331177898, -0.003808664266323508, -0.004128408170081171, -0.004533587317618489, -0.004645008135405475, -0.004611010940372483, -0.004783693582295795, -0.004295321770593040, -0.004216531293623885, -0.004128402905454455, -0.004144226568097910, -0.003521657559958689, -0.003679267205089901, -0.003500582206733945, -0.003101234875498246, -0.003150021053646586, -0.002765938609528235, -0.002692608687598078, -0.002013843138623509, -0.002332846397320413, -0.002231261921981844, -0.002641941490894702, -0.002996346576410259, -0.004182399209334567, -0.004572194364396469, -0.004611277286578746, -0.006973730606012851, -0.005554534330958799, -0.007646838895900217, -0.007116904410391360, -0.006337021355334821
417.0616113744077, -0.005829385132137807, -0.005303608577491868, -0.004254494528215212, -0.004243553157072782, -0.003084480610673555, -0.003444319997201422, -0.003447255748221723, -0.003734588885777006, -0.004080834875164742, -0.004148497935082067, -0.004109339078530715, -0.004251271334477576, -0.003838294817434985, -0.003797605435082479, -0.003788393030929468, -0.003774134698235467, -0.003284242811692807, -0.003438345263233576, -0.003284564102637957, -0.002907134772156287, -0.002911864499047419, -0.002563905725057203, -0.002456644948111771, -0.001849051660204012, -0.002149679147983460, -0.002031885308758551, -0.002407294260071577, -0.002751974960615434, -0.003785144491443906, -0.004210301790663776, -0.004148222924695077, -0.006287548577900604, -0.004982798346938697, -0.006948143655866015, -0.006544426598964941, -0.005829385132137807
411.2149532710281, -0.005236332720118245, -0.004806795532726194, -0.003869804566984281, -0.003826803344116320, -0.002770508168977612, -0.003086991620769531, -0.003083983666543284, -0.003337878952940920, -0.003629681560959716, -0.003657226631544158, -0.003618170231158345, -0.003730634289877192, -0.003403687185245509, -0.003393066003112305, -0.003450945006121568, -0.003396492193576274, -0.003028482264447686, -0.003162165628432898, -0.003033181774997318, -0.002688107791568560, -0.002651617576863754, -0.002350816538720711, -0.002221863237740263, -0.001690859474504594, -0.001968343261259498, -0.001829843443410588, -0.002165515908253197, -0.002480809592816001, -0.003348267678534492, -0.003789261105234028, -0.003636083101348862, -0.005523060027296460, -0.004353599959512849, -0.006151332507054517, -0.005871765574038311, -0.005236332720118245
405.5299539170508, -0.004595433809678970, -0.004268527949151477, -0.003456338838250187, -0.003391809211396313, -0.002453468890653030, -0.002728951880202874, -0.002724415850539010, -0.002936737564121260, -0.003178798943520114, -0.003172013059566529, -0.003140824458785684, -0.003226147850453506, -0.002990104962283307, -0.003001688340086309, -0.003113469885806878, -0.003015738731358333, -0.002755526932628237, -0.002862620551807127, -0.002758606996612949, -0.002455436053401198, -0.002384596110000487, -0.002138969066916583, -0.001995343780532169, -0.001543895262761534, -0.001790582407319738, -0.001629332846471438, -0.001923496005085205, -0.002194369336165956, -0.002893291910323931, -0.003329807275935435, -0.003104147580163632, -0.004720101982807696, -0.003701346179636198, -0.005300951280062231, -0.005139991358701326, -0.004595433809678970
400.0000000000001, -0.003936700181744458, -0.003709253546189552, -0.003024597213554574, -0.002944349935434362, -0.002133600328525214, -0.002370253879765162, -0.002363414544043201, -0.002537013018721650, -0.002738434761202282, -0.002707876922964053, -0.002694161857710244, -0.002757596221039440, -0.002610406010165137, -0.002633273137729223, -0.002783192149354794, -0.002643418997205206, -0.002475898535609124, -0.002546569669544117, -0.002465360911561400, -0.002210913250163872, -0.002114782476528485, -0.001928832907278479, -0.001777347711679594, -0.001403874153855075, -0.001617836711588847, -0.001436345615633808, -0.001690092255098012, -0.001909378297931638, -0.002447114410479497, -0.002861425548820978, -0.002587253270561372, -0.003928774295070353, -0.003066186443780945, -0.004450723304219896, -0.004386709460529257, -0.003936700181744458
