0, 10.2857, 20.5714, 30.8571, 41.1429, 51.4286, 61.7143, 72, 82.2857, 92.5714, 102.857, 113.143, 123.429, 133.714, 144, 154.286, 164.571, 174.857, 185.143, 195.429, 205.714, 216, 226.286, 236.571, 246.857, 257.143, 267.429, 277.714, 288, 298.286, 308.571, 318.857, 329.143, 339.429, 349.714, 360
1000.000000000000, -0.002017075370988950, -0.001833073141213536, -0.001996979788828018, -0.001881564779067209, -0.001707644658461470, -0.001608892693825730, -0.001552041859949526, -0.001331525612853669, -0.001287506741942504, -0.001201565539511019, -0.001169326137646472, -0.001194440573497208, -0.001110105518932436, -0.001086064540646326, -0.001065517051518344, -0.001048682220147352, -0.0009495245979480708, -0.0008981106344003935, -0.0009416832651090314, -0.0008613139338193022, -0.0009810158792463726, -0.001056714439049718, -0.001196091246686335, -0.001315856131130418, -0.001588978796534054, -0.001515380735130698, -0.001842760160382382, -0.001702806993790654, -0.001934732758760653, -0.002099878613784897, -0.002110717137063634, -0.002140026088351702, -0.002123969020712875, -0.002223070524280077, -0.001938217651488229, -0.002017041240842517
967.0329670329672, -0.002123007661671667, -0.001922192198935882, -0.002084144878170584, -0.001978823350047861, -0.001796784931192102, -0.001689468944211648, -0.001628562743430634, -0.001405032480665208, -0.001348466711683144, -0.001260023000813483, -0.001230653914469857, -0.001249889835080290, -0.001180822289662417, -0.001156738726419324, -0.001140586577698729, -0.001131718802419491, -0.001001487111438084, -0.0009510818516551259, -0.0009969166075751729, -0.0009019889915539871, -0.001013010419431035, -0.001111934783621897, -0.001256028649847865, -0.001378990130215111, -0.001672896249797748, -0.001587125537429612, -0.001941705694792046, -0.001780041080571230, -0.002033173959386978, -0.002206630561168871, -0.002199451220683644, -0.002242617484078010, -0.002217670607981620, -0.002331548674560109, -0.002023482843949981, -0.002122892322604098
936.1702127659576, -0.002250487447765154, -0.002040507828384522, -0.002207662920440985, -0.002116199000825973, -0.001934013812385241, -0.001818770373541056, -0.001758053305948686, -0.001540605407557515, -0.001463424102429572, -0.001375645175013463, -0.001347379789943100, -0.001355478325298335, -0.001285478923154252, -0.001263789962135835, -0.001245444034238390, -0.001243409744400582, -0.001083530175047378, -0.001040993723434956, -0.001089663986459576, -0.0009812536180510358, -0.001085231155341146, -0.001199269461779682, -0.001340672503518442, -0.001462068589473163, -0.001759590623924380, -0.001658124616793406, -0.002026905718261193, -0.001842262245911374, -0.002113113423821051, -0.002291754830773903, -0.002266442913151763, -0.002326633792135524, -0.002301551359020890, -0.002439894199283519, -0.002117337463273327, -0.002250272069914407
907.2164948453610, -0.002387873255483847, -0.002174930113867098, -0.002351650067051169, -0.002277686898289516, -0.002103123441170838, -0.001984557847698037, -0.001929185631372420, -0.001731307567638684, -0.001631393904155963, -0.001551728612047750, -0.001524376435465328, -0.001519749093485924, -0.001435708982699023, -0.001418590924640560, -0.001383910686391644, -0.001386126114423480, -0.001195200167857539, -0.001164725842623329, -0.001216359451495007, -0.001094874762088243, -0.001194313852460981, -0.001318559766583846, -0.001453688108060845, -0.001571039986578088, -0.001856489820140706, -0.001735120363594295, -0.002105235388761884, -0.001894374649506065, -0.002177577008668071, -0.002356473726867276, -0.002314562761709362, -0.002391581636153742, -0.002372990238802975, -0.002541773314744743, -0.002212197087941398, -0.002387598729282063
880.0000000000002, -0.002525265911917139, -0.002313128154359188, -0.002500274109358668, -0.002445654575423723, -0.002282610802059407, -0.002165610839127266, -0.002118152799119212, -0.001953135724363046, -0.001832844706278883, -0.001772219470125690, -0.001747062313192085, -0.001731883617011933, -0.001627363652813035, -0.001618104902644154, -0.001552021055941975, -0.001553819656710431, -0.001328584367515912, -0.001310904441863052, -0.001364658649975576, -0.001230114436474543, -0.001327402061315493, -0.001460867520457784, -0.001589689205321694, -0.001701823502633013, -0.001962355298765782, -0.001818983271267383, -0.002177960869908313, -0.001938290146487880, -0.002228707259168540, -0.002400215543048285, -0.002345969475959574, -0.002436895946094189, -0.002429760417291749, -0.002632506026087060, -0.002301639320031022, -0.002524983097455694
854.3689320388352, -0.002649945316271778, -0.002441158083469579, -0.002638168516051615, -0.002603013605773989, -0.002450226298246454, -0.002338568616412772, -0.002296699700147651, -0.002174613430530852, -0.002037758140156663, -0.002006873464502484, -0.001986047217929171, -0.001965428462564683, -0.001840963638315691, -0.001844281458856763, -0.001736917205218563, -0.001734059782750182, -0.001472216651060200, -0.001466518446892388, -0.001522971543442141, -0.001375717776639415, -0.001474996268886663, -0.001620335317201369, -0.001746762616117366, -0.001854098729310253, -0.002080878056945195, -0.001915391012987511, -0.002250393919861530, -0.001981104262885305, -0.002274469272887863, -0.002425780630442096, -0.002361820633500307, -0.002461686786489027, -0.002467452300256358, -0.002704030712007022, -0.002377270569089762, -0.002649735850802613
830.1886792452832, -0.002753563454913084, -0.002550437479488638, -0.002757724980040926, -0.002739498960462653, -0.002593300334014670, -0.002489060833595967, -0.002444605203161282, -0.002371223267652189, -0.002218157216110819, -0.002224815283869502, -0.002208874818216526, -0.002189576942978941, -0.002046494360553148, -0.002068135518014983, -0.001916592534047945, -0.001906666761725570, -0.001608968830639729, -0.001615434745649444, -0.001678986395156547, -0.001522387684300155, -0.001630673185234531, -0.001793248329594981, -0.001926400754085196, -0.002031719151492106, -0.002223116897244093, -0.002035809888132786, -0.002335370520197503, -0.002038809169424699, -0.002333567372488903, -0.002445940804216475, -0.002370347978850401, -0.002471154354642455, -0.002487434669912559, -0.002752568580776615, -0.002435665970528304, -0.002753454190587961
807.3394495412846, -0.002843856170239637, -0.002648116165660548, -0.002868801290642541, -0.002860425896435968, -0.002720120752398594, -0.002622603129926823, -0.002563417361338777, -0.002544936578674571, -0.002368600547654033, -0.002417925196306819, -0.002403366828131359, -0.002392455544770805, -0.002226270932431534, -0.002269685745903618, -0.002074491235338202, -0.002058919180763520, -0.001729489361209911, -0.001749488589507600, -0.001829476626916027, -0.001671204446475007, -0.001795312879723990, -0.001981654929729888, -0.002136316314910880, -0.002244762964809336, -0.002409124006826994, -0.002198562751665336, -0.002456266558192565, -0.002138324804053975, -0.002438337146111043, -0.002489835850266940, -0.002397026168073120, -0.002486930499382546, -0.002508497186996978, -0.002791805650826663, -0.002489480364001951, -0.002843839321266471
785.7142857142858, -0.002950403947095678, -0.002761961429235911, -0.003001783240263619, -0.002991319053371296, -0.002864780281554669, -0.002769432674332018, -0.002683005460724919, -0.002729656034667739, -0.002514550328053693, -0.002612908857878187, -0.002590330900310030, -0.002594721484734257, -0.002390683046397665, -0.002455954470600223, -0.002215506167731806, -0.002195816254314418, -0.001839380242270188, -0.001872608600207425, -0.001980149742733032, -0.001829463900856114, -0.001970676723081189, -0.002185659370091477, -0.002379161724235674, -0.002496549424502788, -0.002651171058954483, -0.002413167248200185, -0.002630941782911730, -0.002301787244251571, -0.002618320314411738, -0.002589117576774236, -0.002477508250138794, -0.002541610008778190, -0.002563975770546419, -0.002855300157342671, -0.002568388937171307, -0.002950444738460743
765.2173913043480, -0.003103729049819594, -0.002919942880613060, -0.003184477767475998, -0.003157629887912337, -0.003061416859189515, -0.002960644123986548, -0.002838314739860017, -0.002964699331936574, -0.002691629546988200, -0.002848827749174578, -0.002805348904381744, -0.002831738512632517, -0.002570428827165032, -0.002654068192115983, -0.002362528972694157, -0.002336619645019650, -0.001956053219325553, -0.001997470845445129, -0.002140621868348174, -0.002003609256164557, -0.002155326058720441, -0.002399679993914019, -0.002647649844716269, -0.002777745032241707, -0.002943857553010987, -0.002672643274000599, -0.002860183457169035, -0.002533438054399713, -0.002883793252621717, -0.002760403261301404, -0.002637951693350336, -0.002661284605770979, -0.002681783704754558, -0.002975712762742008, -0.002699605031187666, -0.003103798354223179
745.7627118644069, -0.003309837288043932, -0.003126406505729988, -0.003418955128968009, -0.003363372179788316, -0.003316882029339110, -0.003203063304116756, -0.003041434894316769, -0.003261432185052749, -0.002914449147441637, -0.003142234620132860, -0.003065978864789608, -0.003121186714610980, -0.002788730581640855, -0.002886634005235113, -0.002537614286298825, -0.002497722019881943, -0.002093206410395581, -0.002133993585853731, -0.002314784090463644, -0.002191659973194039, -0.002342799790587119, -0.002613126439203327, -0.002926094318548828, -0.003068964862485949, -0.003265076189336156, -0.002954727647411337, -0.003125444083994838, -0.002815736880716864, -0.003217774929955247, -0.002994400241829323, -0.002875221176402837, -0.002846941246667805, -0.002863252978406146, -0.003159873212626917, -0.002885819828903146, -0.003309906991189876
727.2727272727275, -0.003545242952848726, -0.003357830838511934, -0.003679273105322436, -0.003585950500600716, -0.003602406875443601, -0.003469980579232541, -0.003268201736273065, -0.003588641614761114, -0.003158751790933834, -0.003465449349605208, -0.003348817643521825, -0.003438900720411552, -0.003034547417028619, -0.003144218109457598, -0.002737648058795259, -0.002674900322595495, -0.002247380146347343, -0.002279975416320412, -0.002496609602699637, -0.002385043373087035, -0.002526635844264797, -0.002818250088868416, -0.003202212275129245, -0.003353897277157270, -0.003592648775710806, -0.003239093598826942, -0.003406187975796680, -0.003125446598198034, -0.003592131499802270, -0.003270103352119748, -0.003163329483217402, -0.003079605190623819, -0.003086265926348060, -0.003386296207049240, -0.003105283254147806, -0.003545277006884422
709.6774193548388, -0.003782029272068237, -0.003587381229771009, -0.003939405417770280, -0.003801435693409870, -0.003882536304016579, -0.003727892015100652, -0.003482709996073380, -0.003901389272026794, -0.003383372466986471, -0.003769760079341599, -0.003607546069134063, -0.003736135113006080, -0.003268951735925411, -0.003390139659359539, -0.002935766926709667, -0.002846541898747038, -0.002402012487841392, -0.002425024999142105, -0.002677189088018981, -0.002577021775108266, -0.002706142659127806, -0.003016493629667340, -0.003474996882198468, -0.003628524520098331, -0.003917309335273528, -0.003519002552140992, -0.003694342806984544, -0.003449434484491542, -0.003987201859170140, -0.003574995980759070, -0.003476545587037049, -0.003340666201635267, -0.003328542773547375, -0.003629317664607198, -0.003335410775175920, -0.003782018407442842
692.9133858267718, -0.004018006717268036, -0.003813258609296244, -0.004200106838047358, -0.004009530121875575, -0.004147476413524451, -0.003967243548779039, -0.003669785736696323, -0.004177488664729468, -0.003563728853944876, -0.004023204288441322, -0.003807842097251264, -0.003974297323609918, -0.003452332644146879, -0.003585099730980351, -0.003099546684920552, -0.002987911279529001, -0.002539785062164660, -0.002557752070839791, -0.002849943837484353, -0.002765187200157142, -0.002883870210100129, -0.003213034909803049, -0.003749170735892566, -0.003895213731677651, -0.004239573344231597, -0.003798432443979166, -0.003994325267402249, -0.003787746043265316, -0.004400588020853225, -0.003914691813868131, -0.003812386541155161, -0.003631317825633563, -0.003591033621188288, -0.003887787592476036, -0.003577714983596564, -0.004017962341163605
676.9230769230771, -0.004277228702280222, -0.004057771759679663, -0.004484674379259453, -0.004232711805036087, -0.004416676468011515, -0.004207439740741207, -0.003845374999239611, -0.004431291026864615, -0.003710290023848431, -0.004232388977874835, -0.003952334493901579, -0.004151301450548736, -0.003573891564575323, -0.003715837021754163, -0.003215554222043704, -0.003089459909779565, -0.002655577268182428, -0.002674096111176323, -0.003013825365410723, -0.002949227285514136, -0.003060619740858770, -0.003408525139752070, -0.004025072682161861, -0.004152509187894604, -0.004557842097041027, -0.004077684509030160, -0.004307564642995127, -0.004139983959473901, -0.004833184390122457, -0.004298077481948616, -0.004185618936524809, -0.003965806363827978, -0.003892729729344813, -0.004184473186808466, -0.003853661277312026, -0.004277196553071014
661.6541353383459, -0.004584099323589128, -0.004341975689292037, -0.004810823830582096, -0.004490466603332760, -0.004712504520005893, -0.004472003377450258, -0.004034958698386338, -0.004689092000510995, -0.003851312994584975, -0.004425397017604918, -0.004069103796446078, -0.004291964419331675, -0.003650863713521111, -0.003796603333816483, -0.003292864734188991, -0.003157358463729379, -0.002754684154353911, -0.002775581114869264, -0.003167918708087049, -0.003125762942408740, -0.003232050932531347, -0.003594357244351122, -0.004292922063494355, -0.004388913295277928, -0.004859276226425980, -0.004344303748831366, -0.004620338120584087, -0.004492205132142936, -0.005270853282661641, -0.004716537027976978, -0.004604148988096607, -0.004348809723636744, -0.004246053907365644, -0.004540336102089328, -0.004179250770464743, -0.004584118091370960
647.0588235294119, -0.004932506184018832, -0.004656848873089332, -0.005163676312452693, -0.004774268140966315, -0.005029829379989472, -0.004758485984526653, -0.004243438369558132, -0.004957739247424496, -0.004004290303913262, -0.004620195590200102, -0.004183256105292289, -0.004420933979687440, -0.003708704583978169, -0.003851525046370548, -0.003350634507214611, -0.003205543299375244, -0.002846291541348243, -0.002867719967180139, -0.003311581630919140, -0.003291974783722355, -0.003394499465477233, -0.003761062623801438, -0.004541001032217326, -0.004591374448092307, -0.005126098425253375, -0.004578296401733431, -0.004906395178338850, -0.004817313570422223, -0.005679190297302329, -0.005137075994286700, -0.005047448432492134, -0.004757158918037163, -0.004633287855209103, -0.004944813421589098, -0.004539273337079615, -0.004932609130221356
633.0935251798562, -0.005286650437540140, -0.004966469759131865, -0.005503233552748556, -0.005052072201409209, -0.005337246864729704, -0.005038034600105675, -0.004449614415262198, -0.005216486504246486, -0.004161843331157306, -0.004809290042805426, -0.004297126324353392, -0.004542999847766190, -0.003758422105279835, -0.003893594660097260, -0.003400320965804157, -0.003242933079583856, -0.002935055536199980, -0.002955395962345398, -0.003443721472220662, -0.003448482291926906, -0.003548533466569339, -0.003905496509128207, -0.004762731325094192, -0.004752689972195499, -0.005344616888984585, -0.004764722957333566, -0.005141306337780907, -0.005088890527674109, -0.006019406607202534, -0.005518566149915266, -0.005472704114866395, -0.005147236316633213, -0.005012660095948689, -0.005357536577509177, -0.004892618114980895, -0.005286808898704511
619.7183098591551, -0.005602860937406932, -0.005229939027124855, -0.005788451527422268, -0.005289289324088165, -0.005597935113865788, -0.005274788266384012, -0.004622207330172930, -0.005434733171667571, -0.004301531367084737, -0.004969614941350078, -0.004394607047463707, -0.004645784450388534, -0.003793806707901188, -0.003919966787891598, -0.003440066961455221, -0.003271076271748348, -0.003020924510873940, -0.003042338345999338, -0.003565783609417791, -0.003600768285594109, -0.003698865087163388, -0.004033388113794533, -0.004960323133398002, -0.004875948987247341, -0.005513499336973285, -0.004902511846574668, -0.005315451654901526, -0.005295652461012006, -0.006269839457805812, -0.005834889121116816, -0.005839662244657840, -0.005479563295237611, -0.005342060411990627, -0.005731449920997473, -0.005195853871644057, -0.005602988939809286
606.8965517241380, -0.005857173802146654, -0.005427614017527984, -0.006002766103449264, -0.005471535540391404, -0.005796534481158353, -0.005452276559104539, -0.004744822415272108, -0.005597031092328752, -0.004406539571278334, -0.005085663413308874, -0.004460059061542739, -0.004716514661635395, -0.003802689098054295, -0.003921232665786379, -0.003460918076292998, -0.003286281354014720, -0.003099875989940811, -0.003127624382753567, -0.003677337590772105, -0.003750916018875726, -0.003846333205671535, -0.004150076229867026, -0.005136195123394011, -0.004966561613439229, -0.005637952542456060, -0.005000277740932386, -0.005433338798166897, -0.005442150388308044, -0.006432511018439782, -0.006082943387507579, -0.006130828721913290, -0.005737077629202247, -0.005602367542595702, -0.006040557132318550, -0.005428266080481726, -0.005857150356007883
594.5945945945948, -0.006049129230805338, -0.005562762475883218, -0.006152158712707093, -0.005603729137015579, -0.005940907764970069, -0.005576140084437544, -0.004822208908890241, -0.005709805447249728, -0.004476838424064291, -0.005159903381235209, -0.004492212987923166, -0.004754128446791603, -0.003781101758811681, -0.003893532100246526, -0.003457630080468981, -0.003286900946282261, -0.003168747832560432, -0.003207999061642987, -0.003776625277947403, -0.003896050187062869, -0.003986967301748687, -0.004256168419509451, -0.005290276462030747, -0.005028777041795513, -0.005725066759685322, -0.005068212868950962, -0.005505456599581933, -0.005540190807984812, -0.006523753762987005, -0.006273677554024895, -0.006351796367958586, -0.005925039228677566, -0.005797265926021962, -0.006283555133488112, -0.005592559463643179, -0.006048898338095883
582.7814569536424, -0.006190610126265409, -0.005649904260310580, -0.006252394874298461, -0.005699751709232008, -0.006050621844753209, -0.005664519323463221, -0.004872624765737145, -0.005792654145973841, -0.004526829197160678, -0.005209260562251119, -0.004504458521788783, -0.004770493746804231, -0.003737042236846966, -0.003843356595653905, -0.003434495040100318, -0.003275909181079876, -0.003227007108500871, -0.003280280945762153, -0.003860434190391887, -0.004030051505279149, -0.004114738103098635, -0.004347124113820738, -0.005418833594423206, -0.005063072840185354, -0.005777547049482429, -0.005110596674649220, -0.005538251155706692, -0.005597151834604897, -0.006557434575678150, -0.006415060010816869, -0.006514372247362310, -0.006054255516987244, -0.005938980436565879, -0.006471549421977566, -0.005701502991802618, -0.006190235478019369
571.4285714285716, -0.006289373301438674, -0.005698767390342026, -0.006312616240062804, -0.005767277323252655, -0.006137458089029926, -0.005729847417050270, -0.004910453837708014, -0.005860538905657839, -0.004571648910639792, -0.005249121199461875, -0.004512664309948245, -0.004780343433487036, -0.003684614169679645, -0.003783430608965235, -0.003402965884014591, -0.003261955141798131, -0.003280120936167560, -0.003347740811539639, -0.003931189388992798, -0.004153798237905747, -0.004229970604964403, -0.004421519601502688, -0.005521793053126921, -0.005071368881465027, -0.005796929931440241, -0.005127121640449680, -0.005533332636560920, -0.005613927429020915, -0.006539127896071398, -0.006506459231314468, -0.006624066190995940, -0.006130137345920335, -0.006033179649088299, -0.006610922981522152, -0.005762494930626100, -0.006289040236216837
560.5095541401275, -0.006345242944809818, -0.005711803290743115, -0.006335131750715726, -0.005807625919894064, -0.006202368107777111, -0.005775667909421581, -0.004940435417701339, -0.005919575985471636, -0.004619510170451960, -0.005287422596334222, -0.004526459952763568, -0.004794378458690922, -0.003635923247471709, -0.003726458184455306, -0.003375644667119761, -0.003255107019514434, -0.003336590417452905, -0.003418409166411166, -0.003995701970315961, -0.004274510141945512, -0.004337969405750768, -0.004482062869493241, -0.005601062808745561, -0.005056003023065979, -0.005782323602280376, -0.005114081495783970, -0.005487908825036699, -0.005585518596470411, -0.006465990013486929, -0.006539611952003942, -0.006675573283086262, -0.006148658427805433, -0.006076831489837622, -0.006698704046061232, -0.005775679166125434, -0.006345171895753024
550.0000000000001, -0.006355863718335427, -0.005690227812983499, -0.006321515238876304, -0.005820059432006062, -0.006242507204733874, -0.005801349621188655, -0.004961460690315943, -0.005970663525864758, -0.004671426976501455, -0.005325504362330894, -0.004548160007114742, -0.004816677565295289, -0.003597187936443271, -0.003680416106638000, -0.003360361164031660, -0.003263780450236888, -0.003405189837897911, -0.003501838178547479, -0.004063733400756817, -0.004402731964499508, -0.004445827286834418, -0.004534934831998835, -0.005659984923134050, -0.005020330136605906, -0.005733067022094649, -0.005068943554057998, -0.005400009585004202, -0.005507346230967889, -0.006334983308399495, -0.006508327665841358, -0.006661986007916016, -0.006105846075648711, -0.006065326889523422, -0.006728556667911966, -0.005740843200783738, -0.006356184479856119
539.8773006134970, -0.006324106887174066, -0.005640762886375834, -0.006280119023261689, -0.005809871590261512, -0.006262547736491820, -0.005811993059068694, -0.004976650327325049, -0.006020354419402504, -0.004730154172024856, -0.005368381505211846, -0.004580861959123130, -0.004850882622112999, -0.003571445682837222, -0.003649543070359675, -0.003360431303938942, -0.003291810644280798, -0.003489404039388841, -0.003602408688929493, -0.004140685152051773, -0.004543435548868431, -0.004556234441551698, -0.004584489022162086, -0.005698968788869216, -0.004966824987033319, -0.005648074047829439, -0.004990808966324720, -0.005269089112403227, -0.005377163809317219, -0.006145382956643257, -0.006411151388805215, -0.006579813055206643, -0.006001197636350529, -0.005999521803690295, -0.006699142715632014, -0.005663809583858908, -0.006324760871748557
530.1204819277109, -0.006260228982527346, -0.005576068885818511, -0.006224886519694983, -0.005786196245488264, -0.006274678561161850, -0.005817872074473115, -0.004994760209854133, -0.006078569218242603, -0.004802017075440730, -0.005424301051859818, -0.004631219834213805, -0.004901928598060695, -0.003561581286092049, -0.003636048477042786, -0.003376632715688284, -0.003340600445725985, -0.003589720996568167, -0.003721498962572853, -0.004230071410900894, -0.004699383621934659, -0.004671365921714334, -0.004635543298614417, -0.005720709134900179, -0.004900920768543798, -0.005530876756968492, -0.004884220695028069, -0.005100236742108570, -0.005199652524912416, -0.005904051889346432, -0.006255385202143391, -0.006435053497850840, -0.005842659403183873, -0.005888026189728424, -0.006618428201703732, -0.005557021686240911, -0.006260956567358207
520.7100591715978, -0.006175348681607209, -0.005507338235521179, -0.006167607707026199, -0.005756902724527552, -0.006289409762084513, -0.005827052056191533, -0.005023791820957208, -0.006153354629588805, -0.004894153495423429, -0.005501522396013423, -0.004707392270544447, -0.004975924531048315, -0.003571359047238195, -0.003642132019795682, -0.003410622725275026, -0.003410257149679541, -0.003704909340942206, -0.003859142881386904, -0.004333856213907820, -0.004872695619953443, -0.004794583569184414, -0.004693485005122651, -0.005730760922501852, -0.004830704475761254, -0.005388978652135530, -0.004756184049646783, -0.004900903740211248, -0.004983062656194621, -0.005620818328464223, -0.006050292193581780, -0.006236747181109941, -0.005639267744723610, -0.005741396634510802, -0.006497925639328145, -0.005432641817198407, -0.006175808326980240
511.6279069767443, -0.006076503895600799, -0.005439937835123416, -0.006112144321361917, -0.005722800996028252, -0.006308361337125643, -0.005838848820977459, -0.005064207211659263, -0.006241865647115979, -0.005006639311406091, -0.005600058415842615, -0.004812084744065435, -0.005074425323480100, -0.003602785730725362, -0.003668733773539508, -0.003463545879935042, -0.003501430774775822, -0.003836522705417251, -0.004017972751582258, -0.004456617089226594, -0.005069340555016955, -0.004933027840173222, -0.004765807560310198, -0.005738657641697704, -0.004765856858500529, -0.005233128494454722, -0.004615837999736709, -0.004680897137636829, -0.004738424752248672, -0.005307738482793098, -0.005805339746535309, -0.005994548182124240, -0.005399734393102158, -0.005567251412033494, -0.006347083358817149, -0.005298067364970326, -0.006076442434951562
502.8571428571429, -0.005961773323527354, -0.005369923722705377, -0.006051747151678748, -0.005678120623997140, -0.006322225317507583, -0.005842824456677875, -0.005107068192855562, -0.006333116449137594, -0.005131675592852607, -0.005713038733748506, -0.004941252857000675, -0.005194092548415914, -0.003655025959117980, -0.003715334391749902, -0.003535582553701564, -0.003613047832796360, -0.003985204561301232, -0.004199105703641500, -0.004600382244439079, -0.005292483190285977, -0.005091352825318458, -0.004857527685813924, -0.005751707885444525, -0.004713567663577684, -0.005072973819776528, -0.004470222691528522, -0.004447998213004178, -0.004475189691489303, -0.004973467454114064, -0.005524727221510596, -0.005712184400549496, -0.005126349354240362, -0.005365797475043333, -0.006166525441469167, -0.005152152553681548, -0.005961187669705104
494.3820224719103, -0.005825516920809248, -0.005290223547727414, -0.005975998539455554, -0.005614288140632646, -0.006318340032178481, -0.005825279236223909, -0.005138899647666097, -0.006409901552525055, -0.005254134173938678, -0.005826847883944641, -0.005083798857016189, -0.005325426504314538, -0.003723341333094537, -0.003778163080276036, -0.003622828942465804, -0.003741778432715196, -0.004149970838474164, -0.004400450882169791, -0.004763582184452568, -0.005540448705259283, -0.005269757835699663, -0.004969983664042707, -0.005773698540580179, -0.004677490285050725, -0.004916912786604567, -0.004326902340888989, -0.004211573907448414, -0.004204532688631094, -0.004628271803711114, -0.005214035951335152, -0.005393563951484179, -0.004821492252991028, -0.005134693799634172, -0.005953028005166368, -0.004990304757295516, -0.005824660798548530
486.1878453038675, -0.005659152051978259, -0.005190960688051153, -0.005872791412487626, -0.005522150704311593, -0.006282176385021625, -0.005771311182319687, -0.005143913464962490, -0.006454508450283469, -0.005355454371183366, -0.005924590863774394, -0.005223912203250255, -0.005455095896885966, -0.003799571978387407, -0.003850492176855264, -0.003718445355535546, -0.003880162115217306, -0.004323727626390139, -0.004613092091536495, -0.004937322904066630, -0.005802433389809068, -0.005460583005372071, -0.005098446682781595, -0.005802912235138977, -0.004657492920808897, -0.004771749739130933, -0.004192228143265513, -0.003981389618835043, -0.003938562866990327, -0.004283746333438643, -0.004881479995367346, -0.005044416321590846, -0.004488698657484297, -0.004872299740565612, -0.005701600950797340, -0.004806048330736402, -0.005658412465432068
478.2608695652174, -0.005458480231291064, -0.005066371180582567, -0.005735175750288796, -0.005395053297005556, -0.006204427925185971, -0.005671146620851112, -0.005109869955074780, -0.006449220133824886, -0.005415958404260027, -0.005986519887890817, -0.005342334977140217, -0.005566136142816576, -0.003871676065690543, -0.003921687226987829, -0.003811001231601400, -0.004018196956311722, -0.004496527290877179, -0.004823482396088445, -0.005108549690914821, -0.006061771877049778, -0.005650815736385999, -0.005232598900264916, -0.005832833788113758, -0.004648456844673786, -0.004641955112731033, -0.004071970027573896, -0.003769347827848556, -0.003691189351352115, -0.003956275407508899, -0.004542940831419496, -0.004678705525569916, -0.004139756334377498, -0.004584302897917017, -0.005414519579819897, -0.004597665902594248, -0.005458154891046514
470.5882352941177, -0.005219763165225068, -0.004910286986728604, -0.005555969288160884, -0.005227629940672888, -0.006076808296676367, -0.005518049748223037, -0.005028348760507772, -0.006382213784759524, -0.005420858090476670, -0.005997156245426347, -0.005422377225673741, -0.005643884151136762, -0.003927459149937370, -0.003981269799383121, -0.003888998865032158, -0.004143350871360031, -0.004654444969444666, -0.005013133149369362, -0.005259145383017656, -0.006294503190601438, -0.005819784122929791, -0.005354505522844739, -0.005849184148958103, -0.004638280862728835, -0.004525781891138538, -0.003964962624960450, -0.003582099997315312, -0.003471060123611103, -0.003658529477566363, -0.004213493040049290, -0.004311742990537529, -0.003788686787885060, -0.004279491633240018, -0.005096736904272293, -0.004364830697204902, -0.005219927184709480
463.1578947368423, -0.004943675539276661, -0.004720396786680251, -0.005331507621905920, -0.005017845834248549, -0.005896476774095008, -0.005312654727388451, -0.004898156723962674, -0.006247887720839769, -0.005362736537209827, -0.005949083038955198, -0.005453829605386132, -0.005679334473033639, -0.003958689704131451, -0.004021437561595729, -0.003941603795032724, -0.004243764684059952, -0.004784115100131597, -0.005161716359882109, -0.005368475796800338, -0.006472269946535322, -0.005941429945103178, -0.005439622079546129, -0.005829137280529664, -0.004606255121372877, -0.004411800101271159, -0.003862383449293753, -0.003418991256490635, -0.003279026259068240, -0.003396672973646959, -0.003904052034494626, -0.003957393750151639, -0.003449964377598582, -0.003968056469302443, -0.004757187079249983, -0.004110449564794912, -0.004944153242799901
455.9585492227980, -0.004628538790965357, -0.004490668917377618, -0.005054884856012304, -0.004762175613781955, -0.005655973549951278, -0.005053795445473153, -0.004716859872283902, -0.006045701896545429, -0.005239068157969261, -0.005841430096119430, -0.005431544124072387, -0.005668721878431303, -0.003962847359325844, -0.004039417770976859, -0.003963453457062734, -0.004308165951458052, -0.004870560976607308, -0.005248899333438195, -0.005414955322131348, -0.006565813551172757, -0.005987000968080383, -0.005461734796321762, -0.005746247968336531, -0.004529133923615034, -0.004281325449691400, -0.003748077380845354, -0.003269106495393961, -0.003106547722530257, -0.003165629735418412, -0.003615267984460733, -0.003621255619981752, -0.003131089889695662, -0.003655178795401662, -0.004399965284645597, -0.003834594253721258, -0.004629036123936853
448.9795918367347, -0.004278997666665045, -0.004220964393874881, -0.004728082474500866, -0.004461660138295940, -0.005353429750186683, -0.004744644114344371, -0.004482964813663888, -0.005775218162721685, -0.005046879082660566, -0.005671880873302753, -0.005348343519630954, -0.005606008854963775, -0.003937825441679844, -0.004031413371647828, -0.003949361637103305, -0.004328680576671991, -0.004902364590244366, -0.005260045438836217, -0.005382618178202282, -0.006554784890135498, -0.005936240220991531, -0.005401792674654148, -0.005580879416866016, -0.004389196125184641, -0.004116328458621065, -0.003608050088366158, -0.003119703825184212, -0.002942632986605481, -0.002956970595022152, -0.003344845491457975, -0.003306011176365547, -0.002836994157827102, -0.003346284862782788, -0.004032102254655734, -0.003541110124448396, -0.004279241658763405
442.2110552763821, -0.003902858255968774, -0.003914363347536280, -0.004359097151240256, -0.004121430516236063, -0.004990343484407817, -0.004389750248945946, -0.004195910856923742, -0.005439350372970123, -0.004784102545293861, -0.005435105436633730, -0.005193731123855863, -0.005480336036811308, -0.003876301787468836, -0.003990259322117026, -0.003895043151203975, -0.004298798855483606, -0.004870007921535822, -0.005189372273739679, -0.005266385368741302, -0.006434582424941666, -0.005783701466129608, -0.005255110363498175, -0.005330762522811331, -0.004183852894854646, -0.003909574819020628, -0.003436311772677827, -0.002961469712128983, -0.002778994963495486, -0.002762826152139815, -0.003091020977479234, -0.003013427440358301, -0.002570615744934648, -0.003047674051024161, -0.003661724291193812, -0.003236318445790955, -0.003902722355355615
435.6435643564358, -0.003519926844760032, -0.003588333845382752, -0.003971374880860001, -0.003759648597616755, -0.004587147709634206, -0.004008981930280486, -0.003870283404352207, -0.005051403380834878, -0.004459519069803422, -0.005132974568210594, -0.004963654782081633, -0.005283575921462170, -0.003767993002647786, -0.003904210661260981, -0.003791904834118271, -0.004215246899526415, -0.004770340677648238, -0.005039227960559976, -0.005070940382712693, -0.006213467054621681, -0.005539089950798617, -0.005028260630752931, -0.005008187544230975, -0.003921990363284760, -0.003665608555362537, -0.003237048859021399, -0.002794128430865835, -0.002613194849420261, -0.002581023621558432, -0.002856810053409749, -0.002748140853892506, -0.002336600519980750, -0.002769848907844130, -0.003305705778891001, -0.002935005263226423, -0.003519468891573427
429.2682926829269, -0.003149055752373715, -0.003260356002024067, -0.003585079804160911, -0.003394335618490046, -0.004164133912955467, -0.003622613258945541, -0.003526872183838340, -0.004634439619922642, -0.004094873121000843, -0.004780785436407052, -0.004669211438222064, -0.005020318983726822, -0.003607929832088342, -0.003767168207387691, -0.003637057150773971, -0.004074909253354035, -0.004601388372982234, -0.004815643971607521, -0.004806168608388653, -0.005904947992818383, -0.005216696802004620, -0.004732841515456694, -0.004631774778945878, -0.003617879381942692, -0.003395025870588305, -0.003017449762640403, -0.002620561737415612, -0.002445724195219461, -0.002410605310565670, -0.002644494564980400, -0.002513030705090113, -0.002136839018529439, -0.002519738625365679, -0.002977377995573131, -0.002650194954641438, -0.003148525745896876
423.0769230769232, -0.002808396348021352, -0.002948400086123850, -0.003218758376838360, -0.003042436965698100, -0.003742214683266892, -0.003250271559587460, -0.003186357951297274, -0.004211341249042588, -0.003716327745630500, -0.004402753820653349, -0.004332883061690213, -0.004707717294096241, -0.003403201287779254, -0.003579462309892140, -0.003430864131911010, -0.003878713231124171, -0.004365515689960103, -0.004523132832248298, -0.004478129085227925, -0.005517268324035761, -0.004827620850544002, -0.004376123749543727, -0.004212625459608562, -0.003279806960533017, -0.003104105140171698, -0.002780936265828953, -0.002442082628784057, -0.002275425978053232, -0.002248875279378114, -0.002451452560597661, -0.002305455397748716, -0.001967989937400758, -0.002298099478544930, -0.002685113353147533, -0.002391354264595282, -0.002808152335068285
417.0616113744077, -0.002502292187249250, -0.002655907476762175, -0.002876155790895870, -0.002706157328696789, -0.003323980539064588, -0.002892951311336875, -0.002851797087413177, -0.003791543368548059, -0.003337284217668956, -0.004013175625023823, -0.003972105158559769, -0.004362171986344763, -0.003166168722356943, -0.003350747436099675, -0.003185465938577260, -0.003629759467154438, -0.004066795292471208, -0.004168540044272012, -0.004094741547193666, -0.005060084423917441, -0.004380502000609213, -0.003966887328186017, -0.003758694833440475, -0.002914815109785203, -0.002794632197675769, -0.002527025704654557, -0.002254649583505501, -0.002099694625400690, -0.002089951558392740, -0.002270200248067246, -0.002117633126095991, -0.001821381354087366, -0.002098432122964665, -0.002424233237246571, -0.002157285659137242, -0.002502604080228947
411.2149532710281, -0.002232045902942118, -0.002385356205816916, -0.002563821459812359, -0.002388982065046628, -0.002916982911358697, -0.002552120310649331, -0.002522353257590283, -0.003376285952627075, -0.002960201325351191, -0.003614697064799090, -0.003592108682906769, -0.003990436903379331, -0.002906728456438788, -0.003086899946296283, -0.002909353039876330, -0.003337573874020928, -0.003717060797274454, -0.003762800139945999, -0.003665559079072502, -0.004545246160170556, -0.003888985278945401, -0.003517131745301033, -0.003278243955827455, -0.002532209057537765, -0.002469015729900428, -0.002256651166295249, -0.002054579282051975, -0.001915898109453481, -0.001927678202818835, -0.002091451403889119, -0.001940093193407375, -0.001686646618478648, -0.001914321153330123, -0.002189005199846899, -0.001945347341411728, -0.002232833541561387
405.5299539170508, -0.001994827426889877, -0.002136045407384994, -0.002285476733500660, -0.002092288070072223, -0.002527713943102399, -0.002227865169019291, -0.002198575496689263, -0.002965991146908533, -0.002584933643884447, -0.003203035628344900, -0.003192034458271579, -0.003591363464761168, -0.002625522702591634, -0.002794533060799211, -0.002614016416116101, -0.003011369480132466, -0.003330669191311227, -0.003326881133116496, -0.003213044933012076, -0.003998244149615226, -0.003376507631245233, -0.003051143741334578, -0.002792863830455685, -0.002152495482604801, -0.002138117981663177, -0.001979747532735173, -0.001843643124544306, -0.001727433382038458, -0.001760736218466206, -0.001912160694635220, -0.001769880587635661, -0.001558693970189142, -0.001744265314036581, -0.001975678728262206, -0.001754330246494980, -0.001995601251200181
400.0000000000001, -0.001790939336596962, -0.001913648186332831, -0.002048830823270881, -0.001827523336398157, -0.002176362256905703, -0.001933469624809526, -0.001894698006621302, -0.002572421621055896, -0.002223439706502559, -0.002786829229736762, -0.002779846633997335, -0.003169641427652488, -0.002324562315600799, -0.002474697549975220, -0.002300314367940392, -0.002662958074936840, -0.002924845816415460, -0.002881421955111299, -0.002757376699139003, -0.003442648688966377, -0.002869904288264373, -0.002592329020075267, -0.002326975145152320, -0.001797427277262447, -0.001818942633707737, -0.001710532741208984, -0.001630515683740536, -0.001539729840481499, -0.001590876835858183, -0.001731526247801814, -0.001605297734852788, -0.001433908943774652, -0.001587774144027265, -0.001784705492964260, -0.001585597959310746, -0.001791170871320507
