0, 10.2857, 20.5714, 30.8571, 41.1429, 51.4286, 61.7143, 72, 82.2857, 92.5714, 102.857, 113.143, 123.429, 133.714, 144, 154.286, 164.571, 174.857, 185.143, 195.429, 205.714, 216, 226.286, 236.571, 246.857, 257.143, 267.429, 277.714, 288, 298.286, 308.571, 318.857, 329.143, 339.429, 349.714, 360
1000.000000000000, -0.0009915602439305405, -0.0008572774039937999, -0.001054916532114048, -0.001027962359477035, -0.001201211441541567, -0.001225996424070218, -0.001403585856998847, -0.001498599268727336, -0.001570296967259927, -0.001855614864715406, -0.001858156840655408, -0.002105121974603494, -0.002263816828919787, -0.002350326523581694, -0.002311876087945442, -0.002360003951309877, -0.002177334535620252, -0.002162422359190169, -0.002123598959497113, -0.002070702902702258, -0.002036208427292660, -0.001925631310037443, -0.001901417426446191, -0.001761493729746669, -0.001796723851003902, -0.001586946387424316, -0.001574276441975411, -0.001403558968300486, -0.001390903699701370, -0.001279134064777446, -0.001071833651936751, -0.001037116475639890, -0.0009651281626768237, -0.0009773207843555194, -0.0008387668007359611, -0.0009915628442950198
967.0329670329672, -0.001132742446366757, -0.0009840301051604330, -0.001211989485535631, -0.001179515169287736, -0.001378941616578980, -0.001375700133658774, -0.001552691127151397, -0.001636519075415196, -0.001687477369418386, -0.001964157243349188, -0.001960789754170032, -0.002205102754187939, -0.002378756893628970, -0.002447474306347262, -0.002412047358701397, -0.002457878222734564, -0.002240107088385652, -0.002215764278390393, -0.002162289147448412, -0.002091539720496094, -0.002024570165396593, -0.001913484545735100, -0.001884294954009011, -0.001735600724000823, -0.001781186714117522, -0.001562473533185010, -0.001558651140090834, -0.001399921616722294, -0.001412018382846527, -0.001308614847893361, -0.001107984419587657, -0.001089212118082942, -0.001038175186711318, -0.001084998925300033, -0.0009331468665278478, -0.001132717810958824
936.1702127659576, -0.001311356059704258, -0.001152047157987406, -0.001420751205015731, -0.001383443077335801, -0.001611204429556082, -0.001583539643697878, -0.001760099234334572, -0.001831353448348060, -0.001854860667524177, -0.002115453204205958, -0.002103900689356324, -0.002337603852383339, -0.002509592455555669, -0.002563784852670478, -0.002526234445498976, -0.002571707847106560, -0.002325823017663758, -0.002297465448772150, -0.002238634064999060, -0.002153949506706565, -0.002058299333791541, -0.001945307627408621, -0.001910361126480634, -0.001752212255383326, -0.001806294500190932, -0.001572967086006180, -0.001573720293325020, -0.001428006058302785, -0.001464177230820789, -0.001366254936747928, -0.001171737670649183, -0.001164695256448339, -0.001138049003759613, -0.001223771814198693, -0.001060685005991843, -0.001311264606910747
907.2164948453610, -0.001501611947134895, -0.001334991959371990, -0.001644514046909976, -0.001605026444697770, -0.001863336353540265, -0.001819468865892684, -0.001999086685199799, -0.002057116520718798, -0.002055614767534961, -0.002295026610951136, -0.002278005623889125, -0.002496585402532512, -0.002657363640772540, -0.002700383231656380, -0.002653296870460202, -0.002699935755950722, -0.002430943521086549, -0.002400022243109177, -0.002347536284371048, -0.002252337429274859, -0.002131438218990083, -0.002019447724815936, -0.001979388675823976, -0.001813175328874304, -0.001874479268939185, -0.001618586089120327, -0.001620738673601988, -0.001484027042389400, -0.001539583166864646, -0.001441897584277724, -0.001253557754196838, -0.001253033033727017, -0.001249404342839835, -0.001373381115609859, -0.001200729502907031, -0.001501439069886874
880.0000000000002, -0.001664848951823737, -0.001494701433889451, -0.001835455849729067, -0.001797498599620051, -0.002087292014394362, -0.002037929180579553, -0.002225998789388381, -0.002272779018270062, -0.002256504733208340, -0.002473374375453859, -0.002457546446393902, -0.002658581635599572, -0.002806637206438933, -0.002840856917562085, -0.002779102912962508, -0.002826772058261003, -0.002539710984893687, -0.002504052680852888, -0.002470603433494732, -0.002368986096753662, -0.002226259551279912, -0.002122059063341191, -0.002079244804711307, -0.001906970223494508, -0.001975089553135559, -0.001689880673467064, -0.001690403046447019, -0.001556326661049699, -0.001624057924513250, -0.001518194259183688, -0.001334162888595586, -0.001334632388922744, -0.001346646947102571, -0.001502343561441798, -0.001321482203078610, -0.001664641221492674
854.3689320388352, -0.001767980205441896, -0.001598729337870053, -0.001958461501691357, -0.001924611823970259, -0.002245065853610117, -0.002200468442720407, -0.002402357667191369, -0.002444838648801003, -0.002427751008201820, -0.002625534228603498, -0.002619186605509961, -0.002803011088201335, -0.002942694699235775, -0.002970375488284941, -0.002892458454210182, -0.002939975031455880, -0.002640784089050828, -0.002597266050749304, -0.002593852353404504, -0.002491505609633312, -0.002331111631905902, -0.002242915421908921, -0.002201339481613080, -0.002024616330347597, -0.002100070797350168, -0.001781105645123837, -0.001775410791505687, -0.001638993309300728, -0.001711210444721224, -0.001584405600399360, -0.001397497309367415, -0.001392668573931866, -0.001407798776059765, -0.001584497320098610, -0.001396092228827811, -0.001767803160521714
830.1886792452832, -0.001807549188475526, -0.001642199712494710, -0.002012692744664835, -0.001980978934581265, -0.002328604861305101, -0.002294908750650741, -0.002512729997952026, -0.002561561096068523, -0.002554526644707138, -0.002739995496165634, -0.002750026579810032, -0.002919764781537929, -0.003055503108770063, -0.003080345416200118, -0.002987423624887110, -0.003033035771098094, -0.002728789058924823, -0.002676385762668247, -0.002710110740281775, -0.002616624114774967, -0.002444624093592089, -0.002380115199237711, -0.002346683219580401, -0.002167573037518316, -0.002254625985968675, -0.001900260143629894, -0.001883446022876396, -0.001744574258280127, -0.001816790266658800, -0.001651704807924886, -0.001450210115210341, -0.001431296843073365, -0.001436224696477623, -0.001621853932964289, -0.001424090398771929, -0.001807443669938826
807.3394495412846, -0.001818023596912862, -0.001655827101372638, -0.002034980136037205, -0.001997382760631236, -0.002366326981433642, -0.002342766890313957, -0.002573296133319130, -0.002640490551886126, -0.002645154686946987, -0.002825453497291892, -0.002854882706359789, -0.003016151758186125, -0.003147999827666056, -0.003174096009794812, -0.003067466106850632, -0.003111132047475631, -0.002810029455534875, -0.002750087014198192, -0.002825976594058898, -0.002754932052335673, -0.002578356135983276, -0.002543552363549997, -0.002529198494183392, -0.002351794501512705, -0.002461104717792401, -0.002070450381783722, -0.002040037376936964, -0.001904524708284709, -0.001977711080792098, -0.001754145868994598, -0.001526866350524237, -0.001481567877172724, -0.001467084321013602, -0.001651223978555166, -0.001438479792236698, -0.001817988399560961
785.7142857142858, -0.001855240521382299, -0.001691365797660170, -0.002079346490336896, -0.002023427225250481, -0.002407980969328975, -0.002387949160558612, -0.002622891439983073, -0.002718946699683385, -0.002725410771679721, -0.002906612630502822, -0.002953668834894064, -0.003112646706788363, -0.003233883829324034, -0.003263358968384723, -0.003141729684062782, -0.003183569521374688, -0.002893795888809675, -0.002827326618419983, -0.002949995476910619, -0.002915288498282583, -0.002741243851590367, -0.002739806681492713, -0.002758446981594404, -0.002589610635661668, -0.002737953027828922, -0.002310135892036214, -0.002268700476063473, -0.002147607290123517, -0.002228538194009728, -0.001927362892423604, -0.001671883212277432, -0.001585538021782170, -0.001549247688475493, -0.001725805695018381, -0.001488812794204254, -0.001855250267428692
765.2173913043480, -0.001957379509563922, -0.001785089956293258, -0.002177912611948789, -0.002091000105882876, -0.002487803699682443, -0.002462937081927111, -0.002693004152081869, -0.002826369611461095, -0.002818181458073342, -0.003006239560960411, -0.003066275616773774, -0.003228234239971793, -0.003329842781062834, -0.003360181424652906, -0.003219126470692659, -0.003257472908134215, -0.002986085639583782, -0.002910269635029372, -0.003084402711899168, -0.003094901426181794, -0.002929934914405199, -0.002962093424823251, -0.003028143439342420, -0.002875838003141046, -0.003081965682077093, -0.002616149903325276, -0.002570662209949262, -0.002477828456616994, -0.002576079624696618, -0.002182558324267747, -0.001908234648934731, -0.001767049057057894, -0.001711034611566910, -0.001878609809849471, -0.001606270703855464, -0.001957419680549920
745.7627118644069, -0.002121996671891126, -0.001935791041647271, -0.002323819948923501, -0.002195661875836426, -0.002603325549859881, -0.002567569998790930, -0.002785668858827233, -0.002962791019212776, -0.002924594789020269, -0.003127689712997066, -0.003195912849878866, -0.003365217629316205, -0.003442321382687884, -0.003467364341335302, -0.003301598506975946, -0.003331054508817930, -0.003082666212667319, -0.002991334889724050, -0.003218267729993307, -0.003274707511688792, -0.003125729425319990, -0.003187799021026109, -0.003312612112515440, -0.003182794639273638, -0.003460744705569619, -0.002958335400317365, -0.002916456728904620, -0.002866242360248391, -0.002989964114716245, -0.002495918995632908, -0.002218938722099854, -0.002013741379091635, -0.001940821397201119, -0.002101516653967537, -0.001784072582786270, -0.002122043095103481
727.2727272727275, -0.002317724302408835, -0.002114685196104125, -0.002487029669583939, -0.002309077829223260, -0.002723308592051380, -0.002673156777745225, -0.002873881965303229, -0.003098821454083832, -0.003020913184820239, -0.003249353010806677, -0.003322091980804944, -0.003502836826116515, -0.003558786641178251, -0.003572213085090728, -0.003380085260525795, -0.003393894533748269, -0.003171769086882542, -0.003059649515201254, -0.003335348546226776, -0.003433389483454270, -0.003308489160970504, -0.003393401845083795, -0.003584587392517059, -0.003478176679543284, -0.003833663823357386, -0.003300170506384761, -0.003266134881603399, -0.003271822186209728, -0.003425165139886368, -0.002828936755680004, -0.002562289843853206, -0.002290346164105639, -0.002202129690965990, -0.002358997247542415, -0.001990648797179135, -0.002317758123220793
709.6774193548388, -0.002521130831341719, -0.002300303905477667, -0.002652552075714015, -0.002415636976699874, -0.002824315075533345, -0.002757226206677281, -0.002931718009105380, -0.003205917322986377, -0.003081364799500635, -0.003345120634651611, -0.003417583300763305, -0.003613565300376003, -0.003656668414784604, -0.003655195227658550, -0.003440971363310189, -0.003434732866054916, -0.003242758684470845, -0.003110441499534676, -0.003425855359972435, -0.003561208639163879, -0.003469753621306284, -0.003568569138080155, -0.003831224320129444, -0.003742977702227524, -0.004174321228041656, -0.003619571902646478, -0.003592101967690023, -0.003666130054576089, -0.003849947235951257, -0.003156214684901119, -0.002904428840384199, -0.002568271691148356, -0.002467611067884519, -0.002623266070805569, -0.002203519162050526, -0.002521142602183668
692.9133858267718, -0.002740029686050306, -0.002500425763090891, -0.002837048176522574, -0.002530737970955369, -0.002913123562292731, -0.002827381283280330, -0.002958914147719609, -0.003281180255954155, -0.003100563869291476, -0.003406031206645154, -0.003469889644927924, -0.003682716740636108, -0.003718918670060980, -0.003702565799410503, -0.003474814064739947, -0.003448227399905726, -0.003292994140733006, -0.003147483390275378, -0.003491937099571893, -0.003664091113090225, -0.003615821138172499, -0.003718546020690269, -0.004058709013978124, -0.003977689676001999, -0.004481533470381566, -0.003917401747770714, -0.003890822419436950, -0.004045729099548949, -0.004260120837296200, -0.003479268686140340, -0.003243039586562361, -0.002846797534356761, -0.002740730760374416, -0.002897582520496532, -0.002429394030668968, -0.002740032020805922
676.9230769230771, -0.003001381736847298, -0.002740306439916359, -0.003070746957530008, -0.002686148191386214, -0.003018212208612714, -0.002915400261981757, -0.002980179143685921, -0.003348153579937081, -0.003098497997939585, -0.003447525689598044, -0.003491401207010382, -0.003719058171641270, -0.003747285460214910, -0.003717059537068135, -0.003484326881249038, -0.003439090489929780, -0.003329068612628380, -0.003180386313581731, -0.003543584210428343, -0.003754476222608585, -0.003758664563698446, -0.003854131354276682, -0.004280400322614339, -0.004191484372308451, -0.004766893917556122, -0.004202976562648717, -0.004169196185233159, -0.004417810076757369, -0.004662313447734778, -0.003809653096993102, -0.003596062976520369, -0.003142048234123032, -0.003042175207887189, -0.003204652166823768, -0.002690691838891292, -0.003001395449583288
661.6541353383459, -0.003319219340769865, -0.003032079871935156, -0.003363679117737324, -0.002896917331978253, -0.003159081589882924, -0.003046161785266130, -0.003019644313733237, -0.003430658762793865, -0.003101173029093482, -0.003492111379149036, -0.003506302900015273, -0.003743074147958512, -0.003756680165399193, -0.003713038007549627, -0.003481250831699835, -0.003417448205547192, -0.003360814364823804, -0.003217825642910259, -0.003589891447004613, -0.003841833021240264, -0.003907040977947957, -0.003981842394895187, -0.004504694775238601, -0.004389893135723813, -0.005037979699810656, -0.004478999204103952, -0.004428818864007751, -0.004781569972947162, -0.005052170147220226, -0.004145934345421844, -0.003973626323253516, -0.003461636398303082, -0.003380210954719495, -0.003556413865325590, -0.002995806842205818, -0.003319253022694274
647.0588235294119, -0.003672535454101357, -0.003354437975628424, -0.003689388752506828, -0.003143882539797801, -0.003325916778265306, -0.003214321172972029, -0.003078768329961555, -0.003531137308617112, -0.003120197867099719, -0.003549631828702310, -0.003530451145794296, -0.003769284181042596, -0.003761513299505117, -0.003704297137619543, -0.003477883304966659, -0.003393069689395645, -0.003395534117572187, -0.003265085997835654, -0.003635963544616433, -0.003930972549755061, -0.004064454973518148, -0.004103125738563716, -0.004731511397367228, -0.004571487862790640, -0.005290712970060727, -0.004735716081238435, -0.004658117151222279, -0.005119624084058267, -0.005405014785025579, -0.004463768946911643, -0.004356820869957739, -0.003786497452961158, -0.003731088877122561, -0.003932123119000437, -0.003320695615893888, -0.003672602262967310
633.0935251798562, -0.004016294932586035, -0.003664328489505674, -0.004002563733040768, -0.003388309245737736, -0.003488723805829495, -0.003391231979558299, -0.003138489452158311, -0.003632168822478785, -0.003148809905074535, -0.003612436798343709, -0.003562707486781884, -0.003797216190857480, -0.003764603265720884, -0.003693915901261834, -0.003478651893350844, -0.003369714104496773, -0.003434407433674586, -0.003322827986330614, -0.003682900779312822, -0.004024628019265108, -0.004230826381562464, -0.004217930411533457, -0.004956343399617102, -0.004731869940660300, -0.005515044294379332, -0.004960708225204494, -0.004841871102472733, -0.005409638828829355, -0.005691416561112065, -0.004731622608606743, -0.004707394864354449, -0.004080935171416211, -0.004052251144081740, -0.004288574881895507, -0.003622191351719262, -0.004016372878902640
619.7183098591551, -0.004310240064338269, -0.003924161221635190, -0.004268764783935425, -0.003600640053818488, -0.003621923457056934, -0.003549412959715663, -0.003178646812788072, -0.003715715864046650, -0.003174261418800694, -0.003666970374446408, -0.003592127352773236, -0.003817442564884985, -0.003759304814792020, -0.003675178936240017, -0.003479652891302921, -0.003345642456941555, -0.003473789315837514, -0.003388193275152918, -0.003730374277654834, -0.004124940314494154, -0.004403401529601193, -0.004327871256780853, -0.005176121700994609, -0.004869726024745896, -0.005705855531568125, -0.005148685498843944, -0.004972201071396712, -0.005639598748584820, -0.005896544003969560, -0.004931129710086342, -0.004992817793133258, -0.004315400187813572, -0.004309582461543713, -0.004587435111242261, -0.003865284016716916, -0.004310293329275419
606.8965517241380, -0.004541676132574388, -0.004123136728741354, -0.004483283447596483, -0.003778515376234170, -0.003723192962457893, -0.003683182371630172, -0.003195773164854956, -0.003779501304877514, -0.003192195962926980, -0.003708047669257106, -0.003612016669143655, -0.003823888142080111, -0.003739414124284658, -0.003640567166950538, -0.003474603550644614, -0.003316867789767571, -0.003508199054256578, -0.003455088990258066, -0.003775746956234231, -0.004230387742271777, -0.004575207147911196, -0.004433839716561435, -0.005389062282542818, -0.004986114489601901, -0.005865176027547409, -0.005303790899815837, -0.005053491067207626, -0.005812986481482521, -0.006026710336630028, -0.005064998980593341, -0.005204921636243868, -0.004482643714142006, -0.004496547890803343, -0.004817034652047737, -0.004042495113439214, -0.004541629419466789
594.5945945945948, -0.004720355027678587, -0.004271750927610178, -0.004659930568623522, -0.003936773017274434, -0.003807075374088476, -0.003803710589229863, -0.003201634113177688, -0.003834397121028586, -0.003208321841836193, -0.003740707406894071, -0.003625049934295019, -0.003819574936360347, -0.003706507114458090, -0.003589799444376639, -0.003461978465783183, -0.003282718151141006, -0.003535296970376887, -0.003518188824002579, -0.003817009621053385, -0.004337258791877363, -0.004738270450942082, -0.004535836310857572, -0.005594441103575541, -0.005083758805005769, -0.005999449467031494, -0.005432856329065402, -0.005096614650602964, -0.005940645306547777, -0.006098570629458984, -0.005147036110562544, -0.005355034252939018, -0.004593128752726544, -0.004626253621088835, -0.004988010713035875, -0.004166564370727803, -0.004720190002001765
582.7814569536424, -0.004859030323330298, -0.004384072881336818, -0.004811172231762600, -0.004087843517217596, -0.003888072622381403, -0.003923169658577734, -0.003210155916425119, -0.003891934929230326, -0.003230904673285012, -0.003772921113534940, -0.003638922633965802, -0.003813288891050645, -0.003669120196337728, -0.003530606230134403, -0.003446848273800321, -0.003247644397624909, -0.003558218450843170, -0.003576537790864160, -0.003854489547679660, -0.004442548089978848, -0.004887705270605365, -0.004632637491730536, -0.005789514269394902, -0.005163429203730723, -0.006111459308651997, -0.005538263685062246, -0.005110500138207422, -0.006029012295911286, -0.006124288633494984, -0.005187705725453392, -0.005456390017088762, -0.004659669022165591, -0.004712496938472662, -0.005114776194260962, -0.004251975157514015, -0.004858768424576858
571.4285714285716, -0.004959933662301466, -0.004464646139594759, -0.004936663581510709, -0.004230656952584069, -0.003968153592826160, -0.004041767888747207, -0.003226171774889655, -0.003953941903951218, -0.003261938194968020, -0.003806533497726948, -0.003657413828197410, -0.003810890065457703, -0.003634861315187044, -0.003472313666702074, -0.003436593284710902, -0.003219560936045271, -0.003584986416876016, -0.003635514163094379, -0.003893864945559333, -0.004548939268962491, -0.005025547018983155, -0.004724558191436703, -0.005971277989679379, -0.005225115216829647, -0.006199469758899761, -0.005616073446082440, -0.005097196964613407, -0.006076177829698535, -0.006106139332428651, -0.005188772889581100, -0.005512190593017203, -0.004687566693174174, -0.004757975504096767, -0.005202143729539959, -0.004303098056684956, -0.004959699484149077
560.5095541401275, -0.005019576802125294, -0.004513271625868733, -0.005033524519206813, -0.004359859630711688, -0.004043435599491124, -0.004153958992942131, -0.003248110454279261, -0.004017452097032808, -0.003298703879242389, -0.003839213366320416, -0.003679302330962930, -0.003812864364757011, -0.003606295722464646, -0.003420450130984394, -0.003436033917826731, -0.003205607523614750, -0.003624178133819304, -0.003703279608510340, -0.003942416034922895, -0.004662031267107814, -0.005156906594052810, -0.004812293849273980, -0.006135284360136955, -0.005266350279136120, -0.006256288778545406, -0.005658319407868251, -0.005052264697602130, -0.006074019560038914, -0.006039170624041051, -0.005146086937238998, -0.005516969697793560, -0.004675310781445775, -0.004759077631828791, -0.005247378062876781, -0.004319347647715701, -0.005019503528255661
550.0000000000001, -0.005039676078585729, -0.004534496771158496, -0.005107494512059570, -0.004477382491345621, -0.004115578496091414, -0.004259556315717859, -0.003277703987241993, -0.004083590672508358, -0.003340165099442463, -0.003870439469962815, -0.003703091240449729, -0.003817311794049663, -0.003581393515685908, -0.003375775805720826, -0.003445733704694664, -0.003209951399421327, -0.003681912695503067, -0.003787006549346725, -0.004007125228690100, -0.004788497511929133, -0.005287081112860618, -0.004898030668290892, -0.006279223651626920, -0.005285389253826726, -0.006275307920028406, -0.005658528060976414, -0.004970135953464271, -0.006015568286521997, -0.005919148233640419, -0.005057297027580016, -0.005466333021544151, -0.004622305128908176, -0.004715849282978042, -0.005249865528292962, -0.004304644793804696, -0.005039900827191472
539.8773006134970, -0.005029859727783849, -0.004540137930524131, -0.005174364567428698, -0.004595034464494361, -0.004196647461326212, -0.004369663230122799, -0.003325291875245629, -0.004163593626655303, -0.003393050405575965, -0.003907575827886037, -0.003733480351693172, -0.003826759537003805, -0.003560131677441744, -0.003338811613165363, -0.003465466595166388, -0.003234798052018904, -0.003761437147078868, -0.003891325686730253, -0.004092327324127961, -0.004933132990589717, -0.005419484925697076, -0.004985107738866274, -0.006402904057706317, -0.005281958962564172, -0.006252700112716079, -0.005614759608441796, -0.004848601535553981, -0.005898527864807718, -0.005745786264731640, -0.004924084391716526, -0.005361672563614075, -0.004531440621108000, -0.004634715455522982, -0.005214244310520243, -0.004269210524192335, -0.005030370564162373
530.1204819277109, -0.005000987525708425, -0.004541728537465019, -0.005247924857575338, -0.004723692304475320, -0.004300333882819181, -0.004498342696347564, -0.003404786346728661, -0.004271252298803424, -0.003468165139815085, -0.003961245931023690, -0.003780195147271659, -0.003848014684639879, -0.003545806469619755, -0.003312571951509900, -0.003496837493780507, -0.003282787172879731, -0.003866123010718733, -0.004020999264210147, -0.004203838862239621, -0.005103176498279019, -0.005560273465499041, -0.005081125297814893, -0.006512441997123101, -0.005261660977900001, -0.006192651573787619, -0.005532446017502074, -0.004692325806807539, -0.005728447384597191, -0.005525238252286405, -0.004753485229829915, -0.005210180931361980, -0.004408968928712723, -0.004524603826557909, -0.005148011051226328, -0.004223279082388614, -0.005001633757632865
520.7100591715978, -0.004956831521949490, -0.004542473285018654, -0.005330481038397387, -0.004863819130418267, -0.004431333109859238, -0.004651499974479818, -0.003523808814134199, -0.004414613027039786, -0.003573679763336528, -0.004039418182954536, -0.003852257846919910, -0.003888371188567595, -0.003543955083065920, -0.003301806338204594, -0.003543367083780430, -0.003357360743733162, -0.004000368067883894, -0.004182129254428035, -0.004348665318179149, -0.005307728718834168, -0.005718733591002999, -0.005196510446116771, -0.006617425708254969, -0.005233952867841059, -0.006104199062011876, -0.005421261736099806, -0.004510221532554844, -0.005515162926760777, -0.005266436450259578, -0.004553064301690556, -0.005019157673613318, -0.004259443773647162, -0.004390674310613392, -0.005054736091241930, -0.004170210389827359, -0.004957308047196555
511.6279069767443, -0.004892731636799360, -0.004535810763682997, -0.005411481320501847, -0.005003708070215563, -0.004581850089592034, -0.004822460799793494, -0.003680164444744480, -0.004590662724459458, -0.003710337265327557, -0.004142831545128805, -0.003953318903047539, -0.003950457643685908, -0.003556937396718892, -0.003309082515034267, -0.003606729809635917, -0.003460367095744640, -0.004168273627989601, -0.004380543559413635, -0.004534403859596733, -0.005557229656124211, -0.005906107855625915, -0.005342549690287380, -0.006729573060768632, -0.005210389009851328, -0.005999454760881527, -0.005292930931792260, -0.004312737538887420, -0.005270658658315971, -0.004979792267496086, -0.004329708794826474, -0.004794078564559627, -0.004085031573308009, -0.004233701643600503, -0.004933252126655081, -0.004106085160692617, -0.004892779308939484
502.8571428571429, -0.004798873433989821, -0.004509490345942969, -0.005473572050119669, -0.005125937562602524, -0.004735449264256757, -0.004995517967768717, -0.003863123327730839, -0.004789931466550464, -0.003873143780504977, -0.004268059713842588, -0.004081517149013757, -0.004032687794317514, -0.003584238869505261, -0.003332847670045380, -0.003684556435473086, -0.003589245837013889, -0.004369082257434403, -0.004617024680186258, -0.004762450807420640, -0.005855162204271286, -0.006127901691671246, -0.005525662191517588, -0.006855783254142549, -0.005199031500686521, -0.005887774113899965, -0.005156812735118919, -0.004108509683812656, -0.005005412992501108, -0.004674634875424045, -0.004087240004322843, -0.004538096677749086, -0.003885228368597310, -0.004051791575224549, -0.004778335856747981, -0.004023244508668804, -0.004798399170462088
494.3820224719103, -0.004667215855185725, -0.004452460196567198, -0.005499986304883546, -0.005214160078227437, -0.004874227859100438, -0.005153560163636470, -0.004058794025234425, -0.004999773562651557, -0.004053962288042345, -0.004409248419029348, -0.004231992789929098, -0.004130565305262261, -0.003621970234182351, -0.003367718841681381, -0.003769496838769335, -0.003735441688198919, -0.004594688426908055, -0.004883667282318307, -0.005025869220998896, -0.006195222594940156, -0.006380331889429633, -0.005744463438350831, -0.006996850375880413, -0.005203068593525821, -0.005776380174789536, -0.005020849972104368, -0.003905869795740930, -0.004730551914383923, -0.004362316993753253, -0.003830903111320960, -0.004257117097730545, -0.003662077040663510, -0.003846065353845480, -0.004587698880637289, -0.003916442981465121, -0.004666416622390101
486.1878453038675, -0.004494842854214101, -0.004358277387820516, -0.005477632013733150, -0.005255353917016510, -0.004980747453206362, -0.005279497178470987, -0.004249645860728062, -0.005206130016491064, -0.004241444874776464, -0.004558296624412484, -0.004395926849518904, -0.004237222962966388, -0.003665136479754731, -0.003405926972857352, -0.003851070619530863, -0.003885569996374196, -0.004829163723946585, -0.005163236480339273, -0.005307382506447803, -0.006557723152026591, -0.006647992383800078, -0.005987971319114336, -0.007144889157229400, -0.005219727034994038, -0.005669278538648595, -0.004890567618131638, -0.003713346219400930, -0.004457969352798528, -0.004056361996942844, -0.003568246948949199, -0.003961795304679496, -0.003422079358646729, -0.003622657742120178, -0.004364507349435542, -0.003785410267953346, -0.004494079348734925
478.2608695652174, -0.004285301872959563, -0.004226622543059537, -0.005398410790418634, -0.005239334166851709, -0.005040342546750716, -0.005358467576182163, -0.004416837749410623, -0.005391410298561041, -0.004420387432341727, -0.004703267851807771, -0.004561135290451383, -0.004342904491757065, -0.003705383688376860, -0.003438451720147153, -0.003916641728357225, -0.004023107832654803, -0.005051816952270125, -0.005431085659197235, -0.005583363699057589, -0.006914443651545455, -0.006908408895357724, -0.006237425622385429, -0.007286229890267393, -0.005241905201163907, -0.005569458132000945, -0.004770401456633144, -0.003540038343411565, -0.004200571847412677, -0.003772186754616398, -0.003310920455169533, -0.003667799837122001, -0.003177246435924695, -0.003392747085480972, -0.004119232844469863, -0.003634873539726027, -0.004284931176789644
470.5882352941177, -0.004044042660407521, -0.004059119779307551, -0.005255306869407499, -0.005155934664023862, -0.005038102903695981, -0.005374172743333926, -0.004539075781610816, -0.005535351557359142, -0.004572130330505327, -0.004830136040639443, -0.004711654912682862, -0.004436380523496966, -0.003734283261382162, -0.003456656272634450, -0.003954340458809233, -0.004131703629102900, -0.005239964966355229, -0.005659000252346654, -0.005825347875851644, -0.007229521293035128, -0.007133758701215071, -0.006468196355726339, -0.007399836810267573, -0.005257401190021578, -0.005474444177521682, -0.004658867061467838, -0.003390981438549772, -0.003966406386790708, -0.003520359856891120, -0.003068954178893302, -0.003388903665084978, -0.002939413289073896, -0.003166825217412314, -0.003862991395560299, -0.003469830187383770, -0.004044191700815246
463.1578947368423, -0.003776084888878351, -0.003857432549883672, -0.005043204234308874, -0.004996499052417713, -0.004961530139436281, -0.005312775327516361, -0.004597376890945187, -0.005617301714016916, -0.004678793344078364, -0.004926184479260007, -0.004833509764005602, -0.004508696392197501, -0.003745010141010276, -0.003455213228201918, -0.003955426880903299, -0.004197360923616181, -0.005372465034977927, -0.005818797472343385, -0.006004738262333248, -0.007465609168514993, -0.007294085373838965, -0.006651369855826338, -0.007458501137069150, -0.005247895169872190, -0.005373775500130481, -0.004546989278061219, -0.003263671765087149, -0.003755102485828477, -0.003302941788701354, -0.002848368615437748, -0.003133224972251818, -0.002717421460899482, -0.002951839171447186, -0.003604821753248475, -0.003293265582006867, -0.003776592963780884
455.9585492227980, -0.003486515573804334, -0.003623083856411238, -0.004760668270575439, -0.004757055871158425, -0.004800338632587020, -0.005161659999876584, -0.004574092410891979, -0.005618855993405462, -0.004723471652551693, -0.004979040459774602, -0.004911726371524158, -0.004550912518445234, -0.003735069638543356, -0.003431577018419250, -0.003915883351379286, -0.004210220144523947, -0.005431152438170910, -0.005887188713067294, -0.006095115621731986, -0.007585811078864342, -0.007357384809672825, -0.006756423858990575, -0.007430223156275580, -0.005190799344018131, -0.005247169618446860, -0.004417803771316999, -0.003147214170654894, -0.003557718264714595, -0.003113395444753239, -0.002649171612699103, -0.002902966097490351, -0.002516695327559285, -0.002752562390115780, -0.003351489635772408, -0.003108206332838884, -0.003487034194761356
448.9795918367347, -0.003186827793029344, -0.003364688643791187, -0.004420087054220914, -0.004447428628924059, -0.004556693425778633, -0.004920537134324440, -0.004460115380867501, -0.005528582388741094, -0.004693890017934211, -0.004976664700130811, -0.004933177236796554, -0.004552848337666697, -0.003701222546612582, -0.003384423871285066, -0.003834575054922146, -0.004164224090826310, -0.005404018037289944, -0.005849112626837344, -0.006078319958697229, -0.007564008029893910, -0.007297280725306361, -0.006756011965362264, -0.007288666076275934, -0.005065716169263754, -0.005073966290362770, -0.004255682782137049, -0.003028094626653528, -0.003363470269958647, -0.002943210833083703, -0.002469857595259056, -0.002700168109156632, -0.002343229749291465, -0.002575866763003260, -0.003113751755498750, -0.002923220383002843, -0.003187030447382302
442.2110552763821, -0.002896367933714441, -0.003099851395797996, -0.004047138567205370, -0.004091501223395664, -0.004246234754932680, -0.004601516641860959, -0.004257454560802807, -0.005344820059330176, -0.004582318271692165, -0.004906648634810690, -0.004881883404917068, -0.004499511859960070, -0.003636550976890517, -0.003309030123344038, -0.003710548132261461, -0.004056966600834737, -0.005285773225246758, -0.005701098140754974, -0.005946929488902002, -0.007389366602428684, -0.007100630726048345, -0.006635162544427297, -0.007023774493021025, -0.004864723434534978, -0.004843128876109469, -0.004053231197948688, -0.002896984000035471, -0.003166039760068968, -0.002786418402780445, -0.002309312783009757, -0.002527278449650714, -0.002202664913273782, -0.002430405789214809, -0.002905942605885929, -0.002752918511801208, -0.002896154909052056
435.6435643564358, -0.002636245734285766, -0.002850877238469664, -0.003674570628688813, -0.003721659676156717, -0.003897934421696930, -0.004232513440514494, -0.003984660451713379, -0.005079952911305012, -0.004393832456817385, -0.004766306508493927, -0.004752696564680515, -0.004382688579577873, -0.003531950326953241, -0.003200772983168278, -0.003542928055851032, -0.003889952856228352, -0.005079427152361707, -0.005449571432977782, -0.005705861791990480, -0.007071319528327783, -0.006774655257556312, -0.006394266347071747, -0.006646142570073952, -0.004593537363601215, -0.004559275854108559, -0.003814266031926960, -0.002751574985028237, -0.002964158715100202, -0.002638776618544291, -0.002166347239703552, -0.002383016521084487, -0.002095049360170376, -0.002318103182964611, -0.002738247228752321, -0.002608932997017597, -0.002635740141711637
429.2682926829269, -0.002418761570555227, -0.002632097332680973, -0.003325127219941380, -0.003362303762096083, -0.003537177009031173, -0.003838631420618858, -0.003665824894671367, -0.004750898604660794, -0.004139979638611038, -0.004560471817287975, -0.004547614238591417, -0.004202071910869846, -0.003383173036320395, -0.003056425361809080, -0.003333302376027340, -0.003668529824884312, -0.004792812929213970, -0.005108695916677267, -0.005368138972674268, -0.006630931762353541, -0.006340756484518966, -0.006048101227387991, -0.006178569257256791, -0.004268087437666429, -0.004235005170916504, -0.003546424121204346, -0.002594077273309260, -0.002758878464326700, -0.002494643140179478, -0.002037194451611827, -0.002257602064532445, -0.002011092709279536, -0.002230142614095547, -0.002608163079939527, -0.002491720205791480, -0.002418287547853310
423.0769230769232, -0.002242448822522408, -0.002444688143274375, -0.003008956670895451, -0.003026372070064016, -0.003180661573931134, -0.003438623018377312, -0.003322152341113527, -0.004375581663531940, -0.003838074254986132, -0.004302255061250540, -0.004283231595987529, -0.003971055752897332, -0.003195067140933194, -0.002879948791049697, -0.003088536199397641, -0.003401670851229697, -0.004438238603610436, -0.004694410087802979, -0.004950464253498112, -0.006094338886777426, -0.005824054177431777, -0.005613340675019091, -0.005642115813465751, -0.003901389325206629, -0.003880585389062209, -0.003255183308969800, -0.002425760316002995, -0.002548832825147428, -0.002345626050952394, -0.001914395850445293, -0.002135827386621166, -0.001935160188030956, -0.002147874128880681, -0.002499384520489091, -0.002388030479432970, -0.002242297309256383
417.0616113744077, -0.002098278672365529, -0.002280918874549804, -0.002727904109772358, -0.002717536012777106, -0.002835474565412933, -0.003039848011618826, -0.002965888839130764, -0.003964618326019441, -0.003498040851183919, -0.003997623584772351, -0.003969736963244620, -0.003699096043629525, -0.002976714805161533, -0.002676659718794300, -0.002819998879645146, -0.003100742022520016, -0.004030805457598342, -0.004226109988047209, -0.004472039289024397, -0.005486941407658907, -0.005246019398283302, -0.005108253511579568, -0.005053312983125215, -0.003505214210293209, -0.003500145661346221, -0.002943544042157983, -0.002246779359581184, -0.002333560983185259, -0.002186318222452167, -0.001791645029706218, -0.002006306286945752, -0.001855028020567062, -0.002057297786486550, -0.002393970650412611, -0.002283552047810643, -0.002098619899691446
411.2149532710281, -0.001976261596795599, -0.002133375080102935, -0.002485263128612877, -0.002441810386727751, -0.002510792553670874, -0.002654904785184387, -0.002608569027647459, -0.003533940283032494, -0.003132846483564028, -0.003653749724940738, -0.003620119362489785, -0.003396116864288050, -0.002736260622858298, -0.002454142356118993, -0.002540181236060093, -0.002779546102475224, -0.003591179349255672, -0.003725118536637821, -0.003954794971177080, -0.004837079661495775, -0.004627438189563763, -0.004549870377138518, -0.004428645550681450, -0.003088426175196268, -0.003098011465358904, -0.002617114724680718, -0.002056744745861517, -0.002113168312512759, -0.002015701395728093, -0.001664009815278327, -0.001866013138875776, -0.001764994213974966, -0.001951336562269786, -0.002279311537557147, -0.002169095002942400, -0.001976872978979093
405.5299539170508, -0.001871241668793184, -0.001999366703737280, -0.002284111456284472, -0.002204693817104014, -0.002218519164714000, -0.002299262772780533, -0.002266148440739050, -0.003099828412122357, -0.002754033071846484, -0.003274052565786148, -0.003237212014655776, -0.003062014941089044, -0.002475795413340905, -0.002214979749654011, -0.002257984256880174, -0.002451230924435435, -0.003141489901328848, -0.003218461760489138, -0.003425789895261609, -0.004177056677902730, -0.003994578598189834, -0.003965855732563603, -0.003795073451533652, -0.002668907476496033, -0.002685985714343641, -0.002287654110905907, -0.001858773381961766, -0.001892910145871436, -0.001838406338014361, -0.001531341325827104, -0.001718471830450481, -0.001665146212845795, -0.001833338969572591, -0.002153911006935859, -0.002046662414302966, -0.001871749461221501
400.0000000000001, -0.001774327899049813, -0.001874137835701840, -0.002118792449019438, -0.002006642580554403, -0.001966315177948598, -0.001988536034333995, -0.001953888022911491, -0.002684714323100512, -0.002382809815817641, -0.002875557542587342, -0.002838050484264331, -0.002708034785981697, -0.002198962737745043, -0.001964596709955667, -0.001978484914063549, -0.002127386310900691, -0.002702116717816534, -0.002729084250014898, -0.002909824564255137, -0.003537709293292348, -0.003375711234394532, -0.003382984579745110, -0.003182053550256050, -0.002262729725080082, -0.002281732821502627, -0.001968090320796022, -0.001656372849926115, -0.001676031882602516, -0.001656963120707554, -0.001391417389613818, -0.001565193101331776, -0.001552767311732455, -0.001701170153799526, -0.002014096417259568, -0.001914739875753364, -0.001774382574957540
